156152 39.473 44.216 44.599
16200 38.756 44.045 44.404
3960 38.360 44.056 44.460
1824 38.459 44.061 44.541
288 38.674 44.002 44.412
304 38.386 43.959 44.396
1888 38.233 44.065 44.360
304 38.230 43.927 44.434
312 38.418 43.941 44.423
19176 38.583 43.954 44.371
4352 38.161 44.071 44.440
2232 38.164 43.996 44.397
336 38.186 43.892 44.345
592 38.037 43.930 44.407
2152 38.153 43.925 44.303
544 37.931 43.894 44.224
536 38.196 43.906 44.262
20128 38.566 43.966 44.425
3344 38.336 44.061 44.469
1992 38.207 43.922 44.368
560 38.270 43.915 44.403
568 38.302 43.895 44.440
1440 38.068 43.946 44.433
400 38.017 43.899 44.390
440 38.338 43.933 44.332
17272 38.483 43.923 44.350
2848 38.181 43.881 44.437
1496 37.984 43.888 44.387
584 38.132 43.885 44.364
552 38.224 43.911 44.397
1088 38.123 43.897 44.381
576 37.979 43.942 44.438
496 38.358 43.935 44.360
18584 38.502 43.858 44.278
3544 38.179 43.817 44.409
1392 38.092 43.908 44.388
496 38.150 43.832 44.342
544 38.173 43.837 44.343
2104 37.986 43.929 44.320
600 37.925 43.830 44.293
512 38.159 43.857 44.250
22520 38.365 43.823 44.248
4528 37.957 43.763 44.308
2128 37.852 43.844 44.226
536 37.939 43.850 44.217
672 37.808 43.814 44.127
3352 37.736 43.772 44.254
624 37.538 43.757 44.273
512 37.871 43.764 44.196
19808 38.404 43.896 44.285
4576 38.032 43.914 44.210
2696 37.850 43.733 44.164
584 37.594 43.832 44.120
792 37.682 43.781 44.133
2712 37.923 43.902 44.226
1000 37.689 43.818 44.153
792 37.719 43.806 44.161
22672 38.360 43.932 44.293
5160 38.028 43.859 44.298
3008 37.942 43.819 44.261
792 37.739 43.805 44.229
432 37.650 43.763 44.222
2512 37.936 43.874 44.257
464 37.693 43.732 44.246
472 37.886 43.841 44.123
18312 38.175 43.983 44.386
3288 37.961 43.965 44.299
2048 37.839 43.981 44.304
368 37.806 43.868 44.157
376 37.787 43.896 44.319
800 37.874 43.964 44.309
352 37.842 43.954 44.356
288 37.999 43.952 44.278
13800 38.134 43.957 44.375
3184 37.858 43.963 44.361
984 37.865 43.988 44.342
288 37.978 43.981 44.327
368 37.797 43.901 44.416
912 37.718 43.937 44.368
344 37.708 43.943 44.306
288 37.821 43.934 44.293
20728 38.224 43.897 44.333
4432 37.887 43.961 44.320
2080 37.710 43.951 44.276
352 37.820 43.895 44.159
408 37.575 43.841 44.199
2576 37.669 43.866 44.225
664 37.429 43.909 44.214
528 37.593 43.883 44.216
22080 38.196 43.969 44.355
5960 37.748 43.865 44.256
2800 37.725 43.942 44.282
800 37.612 43.874 44.234
880 37.497 43.897 44.230
3296 37.633 43.919 44.348
768 37.444 43.879 44.248
728 37.658 43.894 44.283
23216 38.222 43.959 44.463
4456 37.877 43.935 44.344
2960 37.669 43.918 44.377
736 37.738 43.919 44.238
656 37.595 43.954 44.411
1888 37.906 43.963 44.429
504 37.721 43.899 44.320
360 37.924 43.946 44.340
16080 38.307 43.976 44.306
3640 37.878 43.855 44.309
1464 37.838 43.887 44.319
360 37.876 43.861 44.345
344 37.759 43.867 44.306
1880 37.749 43.936 44.305
320 37.686 43.817 44.254
448 37.755 43.891 44.378
16672 38.257 44.095 44.529
4768 37.931 44.008 44.321
2272 37.757 44.015 44.322
640 37.770 43.923 44.269
368 37.631 43.928 44.206
1640 37.819 44.067 44.346
328 37.761 43.989 44.230
344 37.960 44.050 44.329
15280 38.238 44.036 44.467
2840 38.001 44.032 44.402
1336 37.845 44.115 44.468
304 37.944 44.052 44.401
336 37.807 44.040 44.383
608 37.987 44.054 44.475
336 37.938 43.991 44.375
368 38.046 43.947 44.359
11600 38.226 44.072 44.325
1600 37.965 44.137 44.410
576 37.969 44.089 44.465
376 38.062 44.035 44.336
328 37.881 44.022 44.344
568 37.988 44.074 44.374
328 37.954 44.088 44.369
360 38.067 44.061 44.283
11704 38.200 44.052 44.361
1528 37.969 43.992 44.364
576 37.929 43.995 44.304
336 38.038 44.041 44.389
312 37.888 44.017 44.420
432 37.999 44.052 44.399
288 37.927 44.058 44.391
288 38.051 44.067 44.346
13368 38.229 44.032 44.331
1696 37.998 44.072 44.372
576 37.990 43.958 44.329
304 38.050 44.053 44.325
288 37.913 44.017 44.342
504 37.968 43.938 44.364
288 37.922 43.991 44.409
288 38.065 43.985 44.310
13088 38.162 44.062 44.358
2864 37.923 43.924 44.374
688 37.855 43.929 44.318
328 37.990 43.959 44.278
336 37.821 43.952 44.217
584 37.749 43.960 44.401
360 37.718 43.919 44.267
336 37.878 43.924 44.309
17240 38.200 44.033 44.405
3552 37.841 44.091 44.451
1056 37.796 44.021 44.326
320 37.896 44.015 44.227
288 37.700 43.959 44.318
1064 37.759 43.997 44.398
288 37.710 43.978 44.301
288 37.857 43.939 44.312
18312 38.336 44.048 44.443
3976 37.963 44.038 44.463
1816 37.831 44.012 44.439
320 37.881 43.932 44.318
448 37.647 43.989 44.270
2136 37.925 43.919 44.416
768 37.639 43.947 44.296
616 37.963 43.920 44.388
14992 38.112 44.022 44.346
3216 37.957 44.126 44.472
1496 37.844 44.062 44.348
536 37.914 43.951 44.289
504 37.796 43.987 44.386
1208 37.812 44.042 44.404
464 37.791 44.093 44.293
336 37.923 43.992 44.265
17336 38.241 44.025 44.365
3320 37.839 44.067 44.378
1072 37.818 43.961 44.403
304 37.918 44.024 44.267
376 37.722 44.023 44.269
1552 37.704 44.003 44.300
504 37.678 43.924 44.243
448 37.875 43.889 44.345
25416 38.411 43.957 44.310
5024 37.998 44.000 44.269
2120 37.799 44.003 44.286
464 37.734 43.927 44.288
624 37.634 43.916 44.252
2248 37.980 43.913 44.218
632 37.646 43.861 44.206
648 37.925 43.859 44.161
25992 38.430 43.996 44.323
5440 37.993 43.903 44.314
2352 37.889 43.902 44.278
608 37.811 43.828 44.225
720 37.657 43.900 44.145
2920 37.870 43.923 44.247
856 37.648 43.827 44.253
952 37.823 43.947 44.272
29448 38.380 44.086 44.305
6024 37.925 43.809 44.276
3312 37.843 43.892 44.289
888 37.742 43.902 44.202
1040 37.513 43.814 44.218
3256 37.765 43.769 44.214
928 37.522 43.733 44.202
872 37.840 43.899 44.102
23808 38.312 43.879 44.268
5568 37.829 43.838 44.263
2488 37.646 43.917 44.308
672 37.717 43.870 44.255
480 37.516 43.829 44.221
2352 37.725 43.807 44.266
392 37.466 43.793 44.228
504 37.770 43.897 44.208
20120 38.404 44.031 44.293
4152 38.108 44.035 44.331
1856 37.902 43.948 44.233
520 37.778 43.920 44.184
616 37.687 43.896 44.135
1864 37.975 43.970 44.282
656 37.806 43.892 44.312
424 37.813 43.968 44.236
16184 38.156 43.997 44.325
3896 37.917 44.017 44.328
2008 37.888 43.920 44.353
432 37.759 43.867 44.288
288 37.696 43.922 44.230
1144 37.710 43.933 44.191
304 37.692 43.918 44.199
368 38.027 43.951 44.220
16440 38.169 44.051 44.473
4192 37.890 44.011 44.343
1872 37.652 43.959 44.295
344 37.908 43.957 44.296
448 37.860 44.009 44.319
1944 37.726 43.991 44.342
408 37.693 44.027 44.339
408 37.991 44.019 44.338
21328 38.208 44.024 44.453
4616 37.757 44.056 44.374
1760 37.718 43.956 44.414
392 37.874 43.977 44.371
352 37.798 44.038 44.289
2016 37.579 44.044 44.396
376 37.557 44.035 44.383
368 37.851 44.054 44.344
23200 38.254 43.940 44.302
4848 37.924 43.939 44.413
2440 37.749 43.930 44.382
376 37.578 43.942 44.291
600 37.644 43.831 44.293
2872 37.735 43.849 44.297
920 37.555 43.835 44.320
1056 37.947 43.885 44.315
20008 38.095 44.015 44.419
4968 37.843 43.886 44.338
2440 37.740 43.894 44.333
888 37.560 43.831 44.166
1000 37.612 43.832 44.254
3112 37.644 43.797 44.326
1096 37.383 43.716 44.240
984 37.686 43.928 44.268
25000 38.080 44.147 44.488
5864 37.724 43.971 44.431
3184 37.443 43.901 44.407
760 37.435 43.916 44.314
808 37.455 43.854 44.315
3224 37.463 43.998 44.285
768 37.330 43.843 44.277
704 37.715 44.042 44.374
21816 38.071 44.015 44.321
4568 37.816 44.065 44.397
2824 37.481 44.021 44.430
712 37.574 44.045 44.380
592 37.569 43.956 44.321
1952 37.532 44.004 44.307
344 37.646 43.995 44.294
304 37.781 43.954 44.269
14776 38.075 44.005 44.268
2912 37.771 44.001 44.388
1368 37.473 43.932 44.262
288 37.796 43.989 44.224
288 37.597 44.038 44.252
1632 37.463 43.971 44.214
288 37.619 44.050 44.358
288 37.737 44.059 44.298
13168 38.084 43.992 44.365
3608 37.852 43.969 44.433
2280 37.494 43.945 44.230
304 37.719 43.989 44.219
384 37.580 43.963 44.285
1928 37.571 43.959 44.382
400 37.581 43.948 44.323
328 37.715 44.030 44.389
12208 38.108 44.008 44.347
2872 37.884 44.006 44.296
1712 37.609 43.919 44.210
312 37.711 43.921 44.308
320 37.722 43.974 44.303
1400 37.587 44.011 44.229
288 37.652 43.969 44.400
288 37.954 44.013 44.357
12272 38.078 44.038 44.494
2328 37.845 44.069 44.487
1064 37.677 44.011 44.410
288 37.845 43.918 44.383
288 37.824 43.935 44.337
800 37.605 43.992 44.363
288 37.683 43.999 44.351
288 37.930 43.982 44.344
15168 38.016 44.009 44.506
3736 37.762 44.063 44.433
1304 37.615 43.936 44.495
288 37.772 43.989 44.495
432 37.723 43.971 44.398
1288 37.540 43.988 44.522
376 37.506 44.011 44.388
288 37.843 44.042 44.497
13784 37.968 43.938 44.501
2200 37.605 44.030 44.353
1088 37.449 43.901 44.455
288 37.663 43.917 44.452
288 37.644 43.987 44.359
632 37.683 43.917 44.330
304 37.623 43.962 44.471
288 37.939 43.949 44.441
14224 37.943 44.072 44.473
1696 37.686 43.932 44.426
632 37.633 43.947 44.385
288 37.789 43.881 44.362
288 37.739 43.981 44.317
720 37.618 43.979 44.403
288 37.667 43.940 44.262
288 37.876 43.932 44.278
10752 37.912 44.060 44.399
1072 37.681 44.027 44.443
304 37.742 43.924 44.433
320 37.821 43.937 44.326
288 37.673 43.989 44.408
360 37.757 43.994 44.365
304 37.700 43.962 44.450
288 37.821 44.004 44.507
9320 37.947 44.035 44.396
1248 37.714 44.039 44.334
328 37.679 43.989 44.331
288 37.808 43.944 44.353
288 37.671 43.982 44.425
296 37.699 44.095 44.293
288 37.622 43.992 44.356
288 37.827 44.050 44.321
11632 37.978 44.064 44.398
1472 37.708 44.066 44.299
304 37.729 43.937 44.283
288 37.782 43.972 44.239
296 37.637 44.007 44.366
392 37.761 44.089 44.380
288 37.719 43.991 44.297
288 37.835 43.991 44.332
10568 38.041 44.020 44.313
1192 37.708 43.989 44.359
392 37.785 44.005 44.375
288 37.849 43.944 44.347
288 37.733 43.912 44.264
408 37.720 43.919 44.312
288 37.600 43.892 44.242
288 37.815 43.876 44.325
12592 38.043 43.945 44.347
1888 37.798 43.980 44.361
488 37.701 43.968 44.294
288 37.841 43.925 44.281
288 37.652 43.957 44.293
608 37.762 44.004 44.308
288 37.667 43.916 44.241
288 37.809 43.932 44.212
18192 38.069 43.933 44.301
3296 37.646 43.892 44.258
904 37.687 43.863 44.298
288 37.774 43.958 44.290
304 37.606 43.793 44.289
1632 37.645 43.811 44.260
400 37.532 43.830 44.247
336 37.695 43.839 44.265
12552 37.964 43.969 44.336
2688 37.754 43.974 44.433
1168 37.630 43.914 44.257
304 37.734 43.874 44.291
288 37.672 43.861 44.357
360 37.725 43.893 44.361
288 37.679 43.809 44.401
288 37.768 43.881 44.356
11104 38.119 44.008 44.359
3112 37.787 43.904 44.292
536 37.640 43.825 44.396
288 37.730 43.784 44.300
288 37.629 43.783 44.297
656 37.611 43.888 44.267
288 37.576 43.793 44.258
296 37.782 43.881 44.374
13088 38.035 44.008 44.445
2936 37.798 44.047 44.441
616 37.710 43.920 44.294
288 37.863 43.963 44.344
288 37.679 43.987 44.343
352 37.754 43.984 44.370
288 37.738 43.930 44.361
288 37.880 43.982 44.343
14176 37.988 43.928 44.456
2040 37.737 43.902 44.450
856 37.712 44.003 44.473
288 37.820 43.920 44.354
344 37.660 43.966 44.382
736 37.732 43.909 44.401
312 37.642 43.981 44.317
344 37.800 43.956 44.356
12920 38.049 43.933 44.388
2632 37.713 44.039 44.460
504 37.691 43.998 44.353
288 37.794 43.929 44.409
288 37.616 43.981 44.294
1184 37.580 44.009 44.419
288 37.550 43.933 44.355
392 37.724 43.906 44.316
14720 38.100 44.004 44.391
2456 37.732 43.943 44.443
824 37.694 43.987 44.316
336 37.763 43.901 44.326
336 37.607 43.917 44.336
816 37.768 43.929 44.384
312 37.697 43.918 44.300
288 37.925 43.942 44.375
12208 38.066 43.920 44.305
1928 37.784 43.898 44.476
376 37.792 43.889 44.383
288 37.905 43.887 44.413
288 37.734 43.827 44.355
544 37.758 43.877 44.291
288 37.692 43.888 44.330
288 37.881 43.952 44.325
10768 37.999 44.012 44.358
1752 37.767 43.904 44.413
848 37.773 43.977 44.330
288 37.894 43.936 44.266
352 37.650 43.939 44.304
568 37.754 43.994 44.369
312 37.683 44.006 44.388
288 37.892 43.982 44.326
9880 38.112 44.001 44.418
1872 37.858 44.016 44.357
384 37.847 44.063 44.344
288 37.894 43.951 44.352
288 37.821 44.001 44.433
496 37.836 43.959 44.379
312 37.811 43.977 44.361
288 37.931 43.936 44.350
10248 38.131 43.938 44.312
1728 37.857 43.973 44.402
432 37.847 43.978 44.332
288 37.917 43.924 44.301
288 37.759 43.903 44.297
720 37.810 43.962 44.333
288 37.739 43.945 44.247
336 37.900 43.870 44.264
7064 38.097 43.963 44.278
1632 37.919 43.948 44.287
744 37.839 43.943 44.270
376 37.889 43.891 44.232
336 37.789 43.900 44.277
592 37.933 43.962 44.215
408 37.865 43.882 44.224
320 37.961 43.912 44.210
13616 38.084 43.935 44.284
2456 37.825 43.958 44.221
816 37.841 43.941 44.315
288 37.944 43.904 44.208
288 37.795 43.901 44.225
880 37.738 43.886 44.253
288 37.699 43.879 44.280
288 37.899 43.930 44.268
16584 38.094 43.930 44.278
2360 37.755 43.915 44.308
728 37.820 43.926 44.348
288 37.923 43.922 44.309
288 37.737 43.910 44.291
1416 37.758 43.823 44.297
504 37.669 43.944 44.313
912 37.812 43.909 44.254
17400 38.127 43.813 44.162
4840 37.773 43.906 44.146
1776 37.668 43.876 44.192
832 37.748 43.779 44.152
824 37.581 43.856 44.228
2688 37.663 43.796 44.117
744 37.527 43.781 44.058
976 37.638 43.769 44.059
22520 38.144 43.869 44.190
6568 37.709 43.800 44.187
3072 37.584 43.805 44.220
952 37.620 43.582 44.045
880 37.458 43.689 44.014
2568 37.630 43.899 44.165
928 37.449 43.790 44.180
944 37.697 43.847 44.170
18792 38.014 43.943 44.239
4656 37.687 43.820 44.238
2256 37.617 43.774 44.025
872 37.695 43.744 44.135
856 37.515 43.836 44.136
1840 37.710 43.865 44.233
864 37.625 43.877 44.272
488 37.787 43.953 44.166
13680 38.044 43.976 44.309
2672 37.728 43.961 44.295
1080 37.744 43.846 44.272
312 37.833 43.917 44.306
312 37.667 43.915 44.275
640 37.664 43.945 44.273
336 37.599 43.913 44.223
336 37.763 43.896 44.286
15216 38.115 43.940 44.138
3320 37.742 43.922 44.231
1120 37.615 43.931 44.252
288 37.771 43.954 44.251
288 37.602 43.962 44.331
1632 37.675 43.940 44.281
304 37.605 43.935 44.362
376 37.742 43.908 44.290
17048 38.064 43.948 44.254
3992 37.784 43.957 44.309
2112 37.734 43.917 44.304
464 37.761 43.936 44.248
496 37.577 43.915 44.231
1712 37.719 43.950 44.263
448 37.603 43.948 44.288
392 37.791 44.003 44.298
14072 38.056 43.969 44.225
2768 37.739 43.950 44.223
1064 37.727 43.857 44.251
312 37.812 43.930 44.322
312 37.673 43.900 44.232
1200 37.728 43.912 44.214
288 37.637 43.849 44.108
312 37.824 43.964 44.114
13024 38.063 44.020 44.290
1856 37.819 44.011 44.315
672 37.823 44.009 44.289
288 37.862 43.966 44.204
288 37.733 43.989 44.221
760 37.799 43.914 44.319
288 37.776 43.968 44.248
288 37.866 43.977 44.363
9592 38.072 43.896 44.273
1448 37.800 43.914 44.254
352 37.800 43.916 44.297
288 37.880 43.967 44.300
288 37.729 43.905 44.146
424 37.862 43.897 44.265
288 37.781 43.920 44.262
288 37.948 43.839 44.248
10912 38.024 43.998 44.238
1128 37.842 43.961 44.216
336 37.911 43.913 44.305
288 37.956 43.866 44.274
288 37.890 43.989 44.271
752 37.806 44.050 44.279
296 37.796 43.947 44.194
392 37.886 43.932 44.241
16768 38.206 43.979 44.268
2704 37.651 43.963 44.264
1112 37.663 43.874 44.325
360 37.786 43.904 44.199
288 37.549 43.881 44.245
632 37.668 43.967 44.219
288 37.593 43.855 44.162
288 37.882 43.929 44.231
17728 38.207 43.938 44.313
3336 37.826 43.934 44.236
1120 37.710 43.922 44.270
288 37.846 43.867 44.227
288 37.632 43.813 44.150
656 37.815 43.908 44.166
288 37.756 43.791 44.191
288 37.958 43.812 44.135
12792 38.166 44.004 44.206
1528 38.014 43.918 44.307
1280 37.987 44.045 44.257
448 37.992 44.031 44.205
312 37.975 43.884 44.191
320 37.921 43.920 44.195
400 37.891 43.993 44.201