102696 39.6349 44.3313 44.9858
101536 39.6629 44.4907 44.9765
100288 39.6652 44.3332 45.0433
101312 39.6583 44.4286 44.8595
103000 39.5905 44.4470 45.0074
102920 39.6220 44.4654 44.9446
103288 39.6288 44.4226 44.9689
102736 39.6116 44.3975 45.1092
103720 39.5866 44.4702 44.8537
103384 39.5813 44.3769 44.9252
101672 39.5757 44.3992 44.9481
101984 39.6113 44.3530 44.8577
104736 39.5927 44.3215 44.8970
105016 39.5631 44.3377 44.7978
103416 39.5333 44.2599 44.8442
103928 39.5840 44.3122 44.8293
104704 39.5753 44.3275 44.8088
104176 39.5465 44.3128 44.9678
105112 39.5571 44.3385 44.8447
104112 39.5876 44.4092 44.9514
105728 39.5816 44.4131 44.8577
105616 39.5335 44.3274 44.9043
105408 39.5442 44.3566 44.8632
104392 39.6040 44.3115 44.8368
106088 39.6206 44.3722 44.8181
105712 39.6164 44.2789 44.8360
103800 39.5723 44.3553 44.7609
104384 39.6560 44.2898 44.9464
106432 39.6854 44.3094 44.8488
106432 39.6406 44.3114 45.0071
106192 39.6328 44.3014 44.9474
105496 39.6996 44.2956 44.8604
105720 39.6964 44.3439 44.9440
106312 39.6490 44.3662 44.9455
104896 39.6573 44.3400 44.8670
104104 39.7069 44.2703 44.8151
103808 39.6844 44.2491 44.8350
105080 39.6809 44.3990 44.8906
103560 39.5817 44.2323 44.8457
104032 39.6620 44.3602 44.9072
104968 39.6178 44.3808 44.9093
105416 39.5351 44.3071 44.8999
104968 39.5082 44.3580 44.8985
104728 39.5703 44.2308 44.8209
106128 39.5983 44.3483 44.8901
106816 39.5061 44.3315 44.8795
105400 39.4929 44.3565 44.9613
105800 39.5667 44.3804 44.8049
106504 39.5873 44.2733 44.7990
105784 39.5197 44.2398 44.8664
105496 39.5298 44.3023 44.9102
104616 39.5713 44.3343 44.9639
105728 39.5025 44.2791 44.9344
105248 39.4823 44.2873 44.8538
105264 39.4835 44.2809 44.9416
105264 39.4966 44.3299 44.9053
105192 39.5212 44.3542 45.0196
106472 39.4876 44.3881 44.9174
105664 39.5198 44.3772 44.9050
105520 39.5189 44.2076 44.7937
106384 39.5330 44.3379 44.9490
106296 39.5291 44.2811 44.9077
106440 39.5383 44.2596 44.7443
106296 39.5135 44.3816 44.8288
105912 39.5474 44.3021 44.9171
106144 39.4899 44.3009 44.8594
106512 39.4765 44.3190 44.7679
107400 39.5179 44.3930 44.9142
106544 39.4985 44.3191 44.8293
106512 39.4983 44.3304 44.9714
107112 39.5117 44.3193 44.7772
107008 39.5290 44.2693 44.8066
107392 39.5070 44.3281 45.0175
107824 39.5324 44.3504 44.7690
107424 39.5093 44.4357 44.9093
107768 39.5409 44.4057 44.9441
107904 39.5074 44.3739 44.9149
108448 39.5366 44.3982 44.9450
107880 39.5492 44.3481 44.8814
108080 39.5253 44.3803 44.9850
107496 39.5306 44.4084 44.9299
106824 39.4800 44.2541 44.9492
106232 39.5019 44.3513 44.9172
106296 39.5243 44.2300 44.9306
106128 39.4903 44.2767 44.9085
105568 39.4938 44.2577 44.9847
105160 39.4781 44.2254 44.8168
106392 39.4894 44.3118 44.9405
105488 39.4986 44.2801 44.8780
105776 39.4863 44.3135 44.8140
105144 39.4920 44.2227 44.9112
105128 39.5074 44.3044 44.8852
105368 39.4578 44.3859 44.7924
105776 39.4675 44.4046 44.9229
105920 39.4662 44.3443 44.8240
105472 39.4798 44.2660 44.9316
107008 39.5029 44.3869 44.9912
106752 39.5323 44.3310 44.8848
106488 39.5050 44.3102 44.9232
106640 39.5309 44.4233 44.9367
106504 39.5427 44.3552 44.8882
107616 39.5681 44.4021 44.9045
106568 39.5541 44.3033 45.0596
106880 39.5307 44.3855 44.9188
107448 39.5452 44.2678 45.0342
107448 39.5612 44.3091 44.9351
107784 39.5448 44.3449 44.9318
107696 39.5116 44.3406 44.8309
107184 39.5059 44.2927 44.8245
107320 39.5042 44.3932 44.9738
107656 39.5533 44.3005 44.8628
106232 39.5260 44.2989 44.9768
106024 39.5240 44.3439 44.8855
106488 39.5250 44.4384 45.0278
106960 39.5543 44.4304 44.8339
105824 39.5353 44.3718 44.9447
106784 39.5899 44.3607 44.9209
106792 39.5983 44.3212 45.0092
106152 39.6006 44.3658 44.9289
106032 39.6158 44.2782 45.0965
105472 39.6219 44.2915 44.9847
105432 39.6126 44.3983 44.9926
105696 39.6037 44.3300 44.9774
105848 39.6259 44.3375 45.0241
106152 39.6309 44.3269 44.9993
105832 39.6229 44.3095 45.0593
106392 39.6332 44.3331 44.9407
107040 39.5833 44.4082 44.9202
106240 39.5977 44.4343 44.9806
106328 39.6003 44.3989 44.9609
105808 39.5878 44.3539 44.9315
106376 39.6113 44.3278 44.9294
106504 39.5878 44.3642 44.9563
106616 39.5917 44.3952 44.8612
106704 39.5962 44.3375 44.9089
105888 39.5924 44.4125 44.8454
106480 39.5800 44.4034 44.9999
106416 39.6056 44.4410 44.9280
106744 39.5529 44.3059 44.9413
106568 39.5739 44.2989 44.9085
106096 39.5475 44.3018 44.8987
106200 39.5763 44.3613 44.9783
106960 39.6042 44.3992 45.0678
106944 39.5749 44.3918 45.0366
106944 39.6169 44.3318 44.9423
107376 39.6202 44.4380 44.9955
106952 39.6238 44.3696 45.0708
107112 39.6033 44.3175 45.0393
107016 39.6161 44.4384 45.0089
107552 39.6286 44.3631 45.0040
106840 39.6246 44.3557 44.9733
107120 39.6046 44.3458 44.8575
106240 39.6143 44.3100 44.9420
106016 39.5743 44.3985 44.9521
106520 39.6011 44.3104 44.8781
106448 39.5919 44.3817 44.9075
106424 39.5614 44.4303 44.9392
105952 39.5452 44.4137 44.9546
106840 39.5494 44.4446 44.9190
106768 39.5575 44.3228 44.8656
106248 39.5633 44.3266 44.9469
106136 39.5531 44.3815 44.9322
106288 39.5669 44.3388 44.8849
106688 39.5694 44.3762 45.0100
106904 39.5935 44.4711 44.9614
107264 39.5937 44.4127 44.9776
107312 39.6001 44.4385 44.9639
106680 39.5812 44.3967 44.9994
106040 39.5716 44.3485 45.0164
105936 39.5626 44.4490 44.8224
106632 39.5625 44.3164 45.1460
105712 39.5482 44.3969 44.8877
105368 39.5432 44.2277 44.9124
105952 39.5844 44.4096 44.8987
105448 39.5180 44.3125 45.1530
104792 39.4887 44.3700 44.8872
106344 39.5248 44.3486 44.9820
105432 39.5506 44.4243 44.9071
106128 39.5610 44.4263 45.0078
105032 39.5319 44.4390 45.0415
105696 39.5681 44.4985 45.0007
105904 39.5152 44.5007 45.0594
106360 39.5171 44.4236 44.9060
106624 39.5643 44.3834 44.7840
106352 39.5910 44.3717 44.8483
106352 39.5853 44.3138 45.0002
106384 39.5702 44.4416 45.0942
106128 39.5709 44.3426 45.0250
106592 39.6009 44.3286 45.0117
107088 39.5810 44.2304 44.9536
105944 39.5600 44.4532 44.9107
105608 39.5516 44.3732 44.9042
105672 39.5532 44.3928 44.8635
105480 39.5301 44.4109 44.9855
105176 39.5475 44.4088 44.8601
104504 39.5640 44.3560 44.8448
104056 39.5839 44.3871 44.7924
104800 39.5793 44.3354 44.8893
104024 39.5755 44.2519 44.8427
103728 39.5767 44.2583 44.9386
104496 39.5791 44.3250 44.8412
104720 39.5481 44.2958 44.8817
104360 39.5768 44.4396 44.8998
103176 39.5591 44.4054 44.7906
103560 39.5694 44.2996 44.8380
104056 39.5727 44.3689 44.8560
104112 39.5691 44.3210 44.7891
103544 39.5769 44.3621 44.9124
103648 39.5533 44.3013 44.8074
103816 39.5528 44.4378 44.9048
104280 39.5540 44.4348 44.8194
103528 39.5630 44.2773 44.8154
104400 39.5672 44.3171 44.8256
104160 39.5278 44.2700 44.8838
104736 39.4985 44.2943 44.8604
104832 39.4900 44.2134 44.9684
105008 39.4936 44.3402 44.9329
105176 39.4744 44.3787 44.9415
105984 39.4838 44.3976 44.8752
106608 39.5155 44.3232 44.8451
106680 39.5238 44.4752 44.9624
106152 39.5034 44.3523 44.9513
106728 39.5187 44.3297 44.8563
105440 39.4923 44.2798 44.8836
106264 39.5219 44.3361 44.9565
105472 39.4785 44.3239 44.8176
106880 39.5018 44.3211 44.8764
105816 39.4940 44.3578 44.8003
106352 39.5123 44.3686 44.9666
106168 39.4663 44.2852 44.9231
105544 39.4742 44.2616 44.9063
106632 39.4870 44.3713 44.9602
106360 39.4715 44.2524 44.9340
106048 39.4426 44.2874 44.8830
106680 39.4639 44.3754 44.8726
107160 39.4455 44.3425 44.8590
106864 39.4302 44.1902 44.8463
107984 39.4784 44.3311 44.9061
107312 39.5008 44.3036 44.8680
106240 39.5746 44.3813 44.9090
107848 39.5548 44.3442 44.8806
107832 39.5470 44.4387 44.9206
105576 39.5305 44.4558 44.9793
105848 39.5894 44.4107 44.9128
106392 39.5468 44.2822 45.0406
106856 39.5684 44.4301 44.9385
106952 39.5324 44.2836 44.8942
105944 39.5626 44.4311 44.9310
106776 39.5481 44.4007 44.9820
107088 39.5378 44.3924 45.0246
106920 39.5260 44.3869 44.9185
106808 39.5563 44.3374 44.8962
107552 39.5192 44.2480 44.9866
107080 39.4903 44.3405 44.8694
107864 39.4808 44.3919 44.9409
106688 39.5425 44.4201 44.9869
107312 39.4877 44.2682 44.9514
108056 39.4680 44.3530 45.0221
107120 39.4134 44.2396 44.9895
106016 39.4732 44.3513 44.9887
106784 39.4693 44.3196 45.0263
106520 39.4146 44.2782 44.8864
106776 39.3863 44.2668 44.8093
104656 39.4553 44.2218 44.8012
106056 39.4635 44.3800 44.9225
106048 39.4100 44.3047 44.8407
106128 39.3642 44.2539 44.8870
105760 39.4537 44.2549 44.9176
106944 39.4784 44.3794 44.8288
107008 39.3941 44.3467 44.8714
106672 39.3645 44.2287 44.7824
106080 39.4087 44.2369 44.8008
106896 39.4402 44.3540 44.9575
107600 39.3837 44.2878 45.0070
108112 39.4306 44.2985 44.9352
106552 39.4721 44.2490 44.9728
107840 39.4777 44.4214 45.0157
108528 39.4392 44.2944 44.8877
106936 39.4110 44.3072 45.0097
106936 39.4986 44.3611 44.9442
108752 39.4881 44.3459 44.9005
108032 39.4564 44.2911 44.8519
106760 39.4216 44.2203 44.9010
106880 39.4495 44.3694 44.8489
107960 39.4335 44.3828 44.8591
107232 39.4692 44.2783 44.8512
105792 39.4769 44.3058 44.9338
106912 39.4384 44.3378 44.7899
108024 39.4449 44.2056 44.8783
106832 39.4251 44.2808 44.8057
105432 39.4503 44.1922 44.9050
106184 39.4653 44.4145 44.9574
108680 39.4588 44.3305 44.8560
106408 39.4480 44.3644 44.7774
106248 39.4862 44.3815 44.7867
105648 39.4454 44.3633 44.8679
108560 39.4127 44.4603 44.8990
106960 39.4551 44.4326 44.8691
105552 39.4758 44.2183 44.9431
106168 39.4975 44.2201 44.8725
107464 39.4471 44.3084 44.9539
107248 39.4711 44.3831 44.9708
106424 39.4814 44.2684 44.9057
105688 39.4507 44.2884 44.8037
107648 39.4434 44.3161 45.0162
106896 39.4537 44.3586 44.8591
105952 39.4518 44.3497 45.0761
105992 39.4732 44.2552 44.9271
107888 39.4363 44.3019 44.8770
107272 39.4560 44.3141 44.8556
105720 39.4180 44.3975 44.8814
106808 39.4947 44.3805 44.9636
108224 39.4638 44.3453 44.8651
107848 39.4613 44.2924 44.8054
105400 39.4036 44.2963 44.7433
107040 39.4879 44.3246 44.8928
108344 39.4689 44.1883 44.8116
108496 39.4488 44.3439 44.8351
107216 39.4048 44.3097 44.9344
107016 39.4815 44.3619 44.8393
108216 39.4561 44.3597 44.9913
107976 39.4111 44.4283 44.9602
107560 39.4037 44.1690 44.8813
107152 39.5091 44.3585 44.9789
108520 39.4684 44.3540 44.9430
108680 39.4435 44.2305 44.8328
108496 39.3980 44.3211 45.0750
107696 39.4620 44.3465 44.8768
107864 39.4260 44.3055 45.0120
108816 39.3869 44.3829 44.9751
108736 39.4668 44.3778 44.9668
108296 39.5312 44.3972 44.9292
109328 39.4880 44.3015 44.8784
108792 39.4977 44.3443 44.9175
108888 39.4654 44.3578 44.9365
108656 39.5136 44.3555 45.0096
109336 39.5053 44.2966 44.8717
108952 39.4825 44.3434 44.8973
108904 39.4787 44.3409 44.9612
107744 39.4911 44.3131 44.8997
110128 39.4686 44.4146 44.8587
109072 39.4714 44.3525 44.8834
108248 39.4521 44.3488 44.8628
107720 39.4246 44.3512 44.8207
110224 39.4627 44.4122 44.9379
109024 39.4265 44.4098 44.9212
107888 39.4601 44.4162 44.9062
109024 39.4378 44.3120 44.9143
108648 39.4480 44.2867 44.8545
109176 39.4459 44.2867 44.9257
108952 39.4730 44.3530 44.9235
109448 39.4625 44.5077 44.8612
109480 39.4678 44.3000 44.9149
109856 39.4617 44.3203 44.8252
109104 39.4515 44.3647 44.8941
109048 39.4524 44.3536 44.9187
108912 39.4423 44.4161 44.9838
108984 39.4370 44.2861 44.9230
108848 39.4574 44.3224 44.9007
108672 39.4510 44.2730 44.9012
108328 39.4456 44.3556 44.8740
108328 39.4072 44.4412 44.8992
108088 39.4261 44.3754 45.0020
108032 39.4432 44.3635 44.9433
108400 39.4582 44.3597 44.8448
108408 39.4702 44.2124 44.8758
107552 39.4390 44.2338 44.8841
107944 39.4835 44.3403 44.9314
108600 39.4933 44.3654 44.8379
108200 39.4786 44.2833 44.9501
108720 39.4886 44.3241 44.9248
107688 39.4769 44.2523 44.8265
107944 39.4810 44.3832 45.0610
108216 39.4773 44.2828 44.8341
108384 39.4567 44.3199 44.8596
107336 39.4334 44.3365 44.9149
108232 39.4347 44.3849 44.8994
107136 39.4346 44.2588 44.9557
107208 39.4197 44.3349 44.9049
108184 39.4445 44.3328 44.9457
107640 39.4477 44.3513 44.9196
107520 39.4075 44.3102 44.9326
106624 39.4276 44.2622 44.7514
107328 39.4107 44.2782 44.9117
107536 39.4031 44.3802 44.9475
107552 39.4282 44.3154 44.8602
107696 39.4306 44.3068 44.8967
108056 39.4582 44.3101 44.9221
107040 39.4268 44.3808 44.9418
108088 39.4427 44.3986 44.9097
108008 39.4417 44.3899 44.8827
107816 39.4195 44.3176 44.8545
106960 39.4193 44.2270 44.8951
107216 39.4048 44.3370 44.8938
107288 39.4346 44.3650 44.9148
107136 39.4344 44.4458 44.9497
107472 39.4378 44.3554 44.9858
107576 39.4464 44.3248 44.9437
108240 39.4718 44.4397 44.9881
108472 39.4893 44.4801 44.8529
108160 39.4678 44.2930 44.9254
107792 39.4247 44.4127 44.8287
108104 39.4121 44.3767 45.0137
107656 39.4021 44.4128 44.9665
107496 39.4053 44.3161 45.0133
107152 39.3941 44.2583 44.8672
106640 39.4143 44.4119 44.9352
107224 39.4336 44.4089 44.9239
106248 39.3993 44.2876 44.9658
107320 39.4223 44.3684 44.9341
107056 39.4246 44.3457 44.8499
107392 39.4383 44.3688 44.9050
106728 39.4507 44.3256 44.9154
107648 39.4768 44.2801 44.8961
107208 39.4728 44.3751 44.9926
107176 39.4547 44.3477 44.9603
107720 39.4586 44.3517 45.0041
107408 39.4228 44.4173 45.0714
107416 39.4606 44.3562 44.9136
107672 39.4655 44.4094 44.8699
107160 39.4467 44.3886 44.9249
107216 39.4516 44.2647 44.9901
107392 39.4174 44.3437 44.8973
107040 39.4262 44.2477 44.9603
107848 39.4467 44.4027 44.9926
107880 39.4669 44.4308 44.9600
107800 39.4733 44.3825 44.9895
108680 39.4907 44.3718 44.9476
107936 39.4931 44.4687 44.9592
109128 39.4902 44.3747 44.9724
108288 39.4619 44.3578 44.9765
107696 39.4298 44.4082 45.0506
106840 39.4301 44.3644 44.9266
107568 39.4331 44.4012 44.8798
106104 39.4328 44.3074 44.8770
106992 39.4599 44.3263 44.9811
106584 39.4555 44.3551 44.8991
107656 39.4696 44.3405 44.9632
107424 39.4183 44.3748 44.9845
107584 39.4367 44.4262 44.9931
107632 39.4633 44.3308 44.9373
107688 39.4614 44.3592 45.0282
108232 39.4721 44.3606 44.9702
107040 39.4275 44.2627 44.9988
107376 39.4491 44.1986 44.8645
107440 39.4313 44.2447 44.9137
107408 39.4363 44.3101 44.8843
108296 39.4481 44.3760 44.8646
107688 39.4334 44.3046 44.8730
108616 39.4649 44.3578 44.9284
107968 39.4422 44.3281 44.8527
108864 39.4843 44.4003 44.9488
108400 39.4789 44.2784 44.9450
108784 39.4530 44.3294 44.9482
108352 39.4496 44.3561 44.9095
108080 39.4434 44.3828 44.9390
108624 39.4666 44.2686 44.9255
108600 39.4381 44.3132 45.0128
108008 39.4345 44.2665 44.9261
109136 39.4457 44.3411 44.8622
108136 39.4520 44.3790 44.8732
108232 39.4626 44.3950 44.8127
108824 39.4646 44.3339 44.9944
108144 39.4557 44.2716 44.9527
107424 39.4499 44.3174 44.9406
108384 39.4482 44.2976 44.8258
107160 39.4440 44.3168 44.8307
108504 39.4628 44.2506 44.8160
109168 39.4997 44.2956 44.9396
108744 39.4603 44.3280 44.8097
107832 39.4651 44.2624 44.8129
108328 39.4140 44.2204 44.8341
108528 39.4470 44.2370 44.9030
107592 39.4113 44.3244 44.8996
107760 39.4590 44.3209 44.8984
108080 39.4458 44.4164 44.8814
107728 39.4747 44.2739 44.8683
108440 39.4811 44.3787 44.8868
108464 39.4985 44.3344 44.8670
108392 39.4622 44.2992 44.8374
107600 39.4475 44.2354 44.9343
108048 39.4800 44.3520 44.9571
107304 39.4575 44.4234 44.9620
108200 39.4636 44.2874 44.8840
107784 39.4561 44.1603 44.8149
108464 39.4391 44.3538 44.9831
108344 39.4537 44.3275 44.9493
108280 39.5002 44.1941 44.9240
108320 39.4822 44.2578 44.9017
107528 39.4784 44.3861 44.8852
108376 39.4893 44.3776 44.8913
107976 39.4545 44.3060 44.9146
106848 39.4694 44.3189 44.8271
107104 39.5079 44.1301 44.8424
108072 39.4977 44.2129 44.8955
108960 39.4799 44.2836 44.8988
108152 39.4352 44.2415 44.7259
109656 39.4488 44.2916 44.8309
109216 39.4517 44.2556 44.8568
109056 39.4324 44.2976 44.8486
109304 39.4642 44.1984 44.8393
109048 39.4117 44.1737 44.8130
109928 39.4075 44.2126 44.8606
108168 39.4080 44.1719 44.8933
108496 39.3899 44.2148 44.7332
108760 39.4092 44.1585 44.8737
108208 39.4029 44.2580 44.7260
109520 39.4326 44.2237 44.8581
108608 39.4241 44.1758 44.8037
110536 39.4681 44.2255 44.7252
110128 39.4557 44.1491 44.7737
109552 39.4318 44.2218 44.9370
110216 39.4481 44.1541 44.7739
109976 39.4367 44.2169 44.7949
110584 39.4701 44.1048 44.6796
109760 39.4562 44.1312 44.7345
109216 39.4593 44.2094 44.7516
109024 39.4476 44.2104 44.8052
109736 39.4523 44.2312 44.8420
109168 39.4558 44.3178 44.8451
109064 39.4933 44.3114 44.8992
108448 39.4438 44.2830 44.9055
109696 39.4990 44.2985 44.8886
109896 39.4690 44.3558 44.9264
108824 39.4727 44.3371 44.9546
109320 39.4359 44.3692 44.8860
108840 39.4535 44.3165 44.8300
108752 39.4451 44.3486 44.8447
107360 39.4133 44.4234 44.9663
108160 39.3893 44.2397 44.9221
108024 39.4388 44.3228 44.9730
107640 39.4463 44.2111 45.0211
107120 39.4481 44.3723 44.9574
107560 39.4675 44.3513 44.9034
107264 39.4270 44.3758 44.9772
107704 39.4219 44.3797 44.8788
107016 39.4611 44.3549 44.8614
107144 39.4562 44.4163 44.8748
107112 39.5140 44.3054 44.9401
107848 39.5123 44.3283 44.9837
107368 39.5005 44.2519 44.9554
107864 39.5100 44.2799 44.8900
106968 39.4891 44.2194 44.9260
108064 39.4929 44.2682 44.9426
107848 39.4953 44.4396 44.9254
107624 39.5117 44.2694 44.8699
108352 39.4992 44.2592 44.8957
108528 39.5188 44.3031 44.8998
107752 39.4683 44.2634 44.9036
108488 39.4461 44.2873 44.8361
109184 39.4577 44.2727 44.9284
108392 39.4118 44.3805 44.7996
106952 39.4123 44.2118 44.9032
108480 39.4372 44.2280 44.9082
107704 39.4470 44.3186 44.8507
107880 39.4349 44.3895 44.8723
107960 39.4599 44.4043 44.8836
108224 39.4709 44.2510 44.9178
107864 39.4771 44.3535 44.9694
107880 39.4905 44.3605 45.0072
107192 39.4834 44.3240 44.8059
108816 39.4956 44.3307 44.8968
107912 39.5031 44.3350 44.9337
108128 39.4905 44.2956 44.9034
108520 39.4874 44.4010 44.9422
108408 39.4932 44.3415 44.9656
107976 39.5129 44.4868 44.8820
108832 39.4846 44.2902 44.9631
108864 39.4840 44.3941 44.9416
108248 39.4938 44.2910 44.8605
108552 39.5169 44.2553 44.8337
108888 39.5184 44.3773 45.0198
108000 39.4756 44.3090 44.9151
108992 39.5018 44.3399 45.0039
108608 39.5000 44.3022 44.9598
108720 39.5145 44.4180 44.8932
108184 39.4904 44.4258 44.8539
108176 39.4487 44.3657 44.8715
108080 39.4711 44.3984 44.8107
107128 39.4285 44.4055 44.9173
107872 39.4358 44.2997 44.8480
108048 39.4560 44.3068 44.8915
107560 39.4463 44.3113 44.8845
108000 39.4842 44.2511 44.9848
107536 39.4529 44.2431 44.9882
107864 39.4278 44.3637 45.0567
107168 39.3986 44.2810 44.9388
107408 39.3952 44.2795 44.9546
108856 39.4594 44.2652 44.9955
108808 39.4757 44.3278 44.9962
108784 39.4520 44.3211 45.0142
108872 39.4429 44.3701 44.9894
108344 39.4279 44.3013 45.0217
108528 39.4349 44.1844 44.8331
108680 39.4610 44.3999 45.0100
109104 39.5036 44.3082 44.9451
108200 39.5032 44.4246 44.8796
108680 39.4935 44.3200 44.9316
108992 39.5221 44.2741 44.9244
108528 39.4542 44.2893 44.9082