771600 47.3186 49.8426 50.2390
772200 47.3208 49.8304 50.2499
773616 47.3149 49.8204 50.2095
773728 47.3123 49.8286 50.2187
783832 47.3242 49.8083 50.2602
778880 47.3274 49.7980 50.2476
777528 47.2967 49.7834 50.2001
777584 47.3177 49.8381 50.2208
782256 47.3172 49.8113 50.2220
785416 47.3055 49.8028 50.2164
414320 44.9161 48.7924 49.2403
411560 44.9089 48.7317 49.2447
416048 44.9114 48.7362 49.2640
415128 44.9181 48.7368 49.2620
423400 44.9016 48.7370 49.2601
418760 44.9089 48.7208 49.2516
421360 44.9013 48.7315 49.2075
419376 44.9027 48.7208 49.2516
421856 44.8962 48.7376 49.2029
424704 44.8957 48.7134 49.2328
254256 43.2456 47.4701 48.0490
252512 43.2387 47.4904 47.9959
252528 43.2094 47.3818 48.0065
252784 43.2267 47.4615 47.9613
257872 43.1894 47.4463 47.9096
256232 43.2219 47.4693 47.9930
256560 43.1996 47.4792 47.9642
256720 43.2013 47.4651 48.0468
257896 43.1892 47.4593 47.9733
258928 43.1868 47.4534 47.9760
158736 41.4772 45.8749 46.3625
157872 41.5146 45.7430 46.2962
156200 41.4758 45.7935 46.3899
157248 41.4789 45.8595 46.3991
160072 41.4339 45.8493 46.3263
159424 41.4727 45.7743 46.2672
158768 41.4279 45.8610 46.3745
159424 41.4449 45.8345 46.1885
162736 41.4584 45.7938 46.3016
161888 41.4385 45.7763 46.2694
102696 39.6349 44.3313 44.9858
101536 39.6629 44.4907 44.9765
100288 39.6652 44.3332 45.0433
101312 39.6583 44.4286 44.8595
103000 39.5905 44.4470 45.0074
102920 39.6220 44.4654 44.9446
103288 39.6288 44.4226 44.9689
102736 39.6116 44.3975 45.1092
103720 39.5866 44.4702 44.8537
103384 39.5813 44.3769 44.9252
66368 37.6282 42.7124 43.1949
65568 37.6818 42.7486 43.5012
64992 37.7047 42.7197 43.3719
64888 37.6633 42.8245 43.3709
66832 37.5809 42.8752 43.5990
66160 37.6121 42.8073 43.5561
66272 37.6125 43.0022 43.4456
65928 37.5643 42.8886 43.3796
67040 37.5630 42.7486 43.2784
66800 37.6057 42.8532 43.2787
41800 35.4133 41.8839 42.4177
41144 35.4490 41.7070 42.3424
40600 35.4647 41.7682 42.3835
40616 35.4351 41.9298 42.2011
41752 35.3403 41.8222 42.4106
41472 35.3804 41.8081 42.4029
41376 35.3925 41.8690 42.4009
41848 35.4466 41.9642 42.2596
42296 35.3631 41.7354 42.2115
42016 35.3569 41.7777 42.4649
26704 33.2576 40.7928 41.5653
25872 33.3012 40.8075 41.4486
25008 33.2968 40.8442 41.4249
25336 33.2886 40.8553 41.5585
26160 33.1777 40.7700 41.4541
25728 33.2077 40.8016 41.4508
25536 33.1620 40.8682 41.4199
26024 33.2382 40.7621 41.3163
26152 33.1511 40.7019 41.2632
25840 33.1609 40.9626 41.3214
