146360 39.223 44.174 44.760
2904 38.782 43.973 44.620
5592 38.797 44.047 44.698
4208 38.663 43.985 44.602
10960 38.668 44.082 44.665
3656 38.553 43.957 44.638
6272 38.560 44.045 44.545
4384 38.496 43.938 44.593
9944 38.579 44.008 44.586
4024 38.416 43.907 44.517
7384 38.468 43.923 44.518
5088 38.469 43.891 44.513
13824 38.529 43.972 44.548
3632 38.414 43.849 44.391
6896 38.437 43.868 44.436
4384 38.392 43.846 44.385
12032 38.543 43.929 44.516
3824 38.413 43.854 44.490
6928 38.433 43.872 44.465
3568 38.398 43.811 44.467
10136 38.479 43.886 44.497
3240 38.256 43.793 44.430
6680 38.340 43.795 44.493
3272 38.317 43.772 44.408
10768 38.420 43.852 44.501
3456 38.291 43.803 44.391
8168 38.402 43.811 44.450
3984 38.359 43.798 44.458
10160 38.431 43.815 44.516
3184 38.229 43.807 44.501
4800 38.271 43.775 44.470
2896 38.319 43.764 44.443
9800 38.397 43.845 44.500
3232 38.286 43.797 44.450
6128 38.384 43.842 44.520
5128 38.450 43.796 44.456
10048 38.523 43.808 44.530
4384 38.345 43.817 44.458
7896 38.372 43.850 44.463
4752 38.335 43.802 44.397
12304 38.471 43.812 44.429
3760 38.179 43.808 44.391
7584 38.176 43.795 44.348
4184 38.221 43.761 44.313
12824 38.365 43.790 44.465
3912 38.013 43.747 44.465
9320 38.073 43.771 44.458
5296 38.073 43.755 44.404
13624 38.279 43.803 44.474
3824 38.071 43.775 44.404
7216 38.138 43.745 44.446
5168 38.174 43.721 44.419
12544 38.295 43.817 44.478
4032 38.142 43.739 44.457
7312 38.145 43.803 44.495
4152 38.041 43.721 44.423
12480 38.317 43.827 44.528
4088 38.123 43.741 44.477
7000 38.194 43.763 44.465
4400 38.066 43.693 44.412
12616 38.338 43.794 44.503
4416 38.100 43.685 44.468
8392 38.174 43.766 44.454
4520 37.998 43.665 44.303
14304 38.341 43.769 44.484
3736 38.107 43.696 44.386
6064 38.057 43.729 44.503
3960 37.958 43.652 44.502
11736 38.212 43.769 44.536
2720 38.024 43.730 44.560
5752 38.022 43.764 44.537
2112 37.938 43.726 44.496
9160 38.172 43.817 44.596
1784 38.038 43.751 44.553
3344 38.015 43.792 44.540
3056 37.949 43.695 44.594
9744 38.147 43.820 44.586
2856 38.039 43.784 44.527
4344 38.038 43.752 44.593
2952 37.946 43.700 44.499
10352 38.161 43.808 44.618
2976 38.002 43.749 44.437
6696 38.039 43.794 44.515
4304 37.971 43.708 44.437
12544 38.221 43.817 44.479
4624 38.069 43.780 44.411
9184 38.083 43.773 44.455
4584 37.998 43.747 44.410
13960 38.262 43.813 44.515
4040 38.033 43.769 44.453
8016 38.090 43.797 44.487
5440 38.001 43.776 44.453
16280 38.231 43.776 44.469
4992 38.100 43.761 44.491
8120 38.102 43.803 44.548
6056 38.017 43.754 44.479
15480 38.267 43.826 44.526
4928 38.098 43.733 44.436
8424 38.094 43.760 44.542
4848 38.026 43.714 44.517
13680 38.295 43.791 44.485
4168 38.117 43.717 44.432
7536 38.134 43.798 44.550
4008 37.964 43.746 44.473
12832 38.244 43.845 44.577
2944 38.103 43.750 44.528
5192 38.104 43.801 44.487
3768 38.032 43.735 44.440
10696 38.253 43.786 44.460
3200 38.098 43.754 44.416
5808 38.179 43.833 44.449
4504 38.112 43.773 44.487
12696 38.349 43.828 44.460
4880 38.177 43.768 44.453
7384 38.193 43.829 44.521
4408 38.099 43.768 44.421
11264 38.321 43.871 44.520
3360 38.155 43.829 44.459
6472 38.203 43.881 44.543
4472 38.143 43.836 44.543
11088 38.359 43.900 44.643
3568 38.221 43.844 44.553
6168 38.225 43.864 44.615
2992 38.069 43.801 44.545
7880 38.245 43.864 44.537
2032 38.145 43.817 44.498
4192 38.149 43.847 44.568
2608 38.054 43.769 44.456
8784 38.262 43.834 44.532
2376 38.166 43.797 44.408
3632 38.159 43.804 44.500
2568 38.108 43.743 44.382
7560 38.264 43.835 44.491
1648 38.173 43.783 44.429
4440 38.169 43.786 44.449
2656 38.117 43.745 44.339
7488 38.280 43.837 44.438
1944 38.181 43.787 44.467
3296 38.168 43.761 44.405
2072 38.102 43.747 44.489
7504 38.276 43.778 44.475
1808 38.184 43.803 44.495
4264 38.189 43.816 44.515
2952 38.153 43.791 44.433
7080 38.263 43.814 44.471
1960 38.193 43.794 44.448
3880 38.202 43.771 44.463
2416 38.111 43.757 44.448
6616 38.256 43.843 44.499
2120 38.151 43.779 44.547
3672 38.151 43.789 44.501
3336 38.089 43.767 44.449
9440 38.278 43.863 44.497
2664 38.146 43.793 44.481
5048 38.153 43.805 44.517
2824 38.083 43.781 44.421
8304 38.256 43.811 44.533
2312 38.137 43.796 44.434
4032 38.144 43.825 44.518
2792 38.051 43.787 44.462
8632 38.236 43.873 44.500
3632 38.118 43.839 44.441
6432 38.143 43.832 44.523
4256 38.016 43.804 44.513
10544 38.247 43.896 44.619
2392 38.076 43.840 44.553
5416 38.108 43.867 44.602
3120 37.990 43.826 44.533
9800 38.251 43.900 44.589
2696 38.145 43.837 44.547
5000 38.182 43.866 44.603
3928 38.116 43.808 44.484
10656 38.386 43.870 44.633
3088 38.262 43.821 44.536
5640 38.255 43.809 44.567
4376 38.177 43.777 44.550
9880 38.348 43.859 44.601
2736 38.189 43.844 44.502
6096 38.203 43.921 44.580
3536 38.055 43.887 44.591
12104 38.330 43.964 44.650
3096 38.135 43.895 44.486
5712 38.122 43.887 44.551
3184 38.034 43.814 44.418
9456 38.228 43.861 44.495
2120 38.121 43.846 44.427
4368 38.154 43.859 44.533
2792 38.076 43.862 44.447
8160 38.263 43.899 44.542
3480 38.123 43.788 44.453
6680 38.134 43.861 44.471
4464 38.050 43.770 44.510
11592 38.345 43.877 44.530
4152 38.088 43.795 44.489
7952 38.206 43.861 44.500
5088 38.121 43.743 44.421
13080 38.403 43.831 44.490
4088 38.206 43.736 44.432
8776 38.267 43.775 44.437
4552 38.090 43.652 44.360
13880 38.398 43.834 44.490
3872 38.168 43.758 44.429
8160 38.208 43.749 44.448
4968 38.074 43.740 44.366
14296 38.420 43.805 44.519
4248 38.219 43.760 44.487
9256 38.259 43.750 44.474
6624 38.150 43.756 44.519
16520 38.455 43.829 44.550
5104 38.246 43.742 44.483
9752 38.311 43.802 44.559
6552 38.158 43.669 44.515
16768 38.498 43.849 44.560
5112 38.195 43.743 44.516
9632 38.230 43.740 44.452
5720 38.064 43.719 44.361
15104 38.374 43.845 44.503
5328 38.083 43.710 44.416
8936 38.096 43.819 44.484
5240 37.963 43.753 44.431
12936 38.249 43.797 44.477
4152 38.043 43.742 44.437
8344 38.133 43.773 44.481
5024 38.062 43.741 44.403
14072 38.342 43.796 44.404
3512 38.173 43.723 44.339
6944 38.205 43.758 44.416
4024 38.092 43.684 44.354
12288 38.398 43.809 44.468
2608 38.213 43.690 44.464
5608 38.193 43.752 44.423
3456 38.129 43.727 44.392
10992 38.376 43.780 44.425
3288 38.184 43.654 44.466
5872 38.187 43.677 44.492
3832 38.088 43.716 44.391
10008 38.279 43.792 44.517
2864 38.134 43.759 44.395
6184 38.177 43.761 44.434
3632 38.203 43.766 44.426
11744 38.252 43.804 44.519
3984 38.160 43.800 44.493
7960 38.172 43.810 44.501
4640 38.223 43.829 44.480
11288 38.305 43.823 44.499
3344 38.135 43.824 44.445
7152 38.152 43.788 44.469
4440 38.199 43.806 44.431
10432 38.268 43.844 44.561
3360 38.114 43.809 44.461
6560 38.098 43.807 44.501
4480 38.106 43.826 44.419
12080 38.234 43.875 44.504
4072 38.076 43.812 44.523
8248 38.088 43.884 44.520
5320 38.110 43.862 44.501
12968 38.266 43.862 44.577
4376 38.100 43.745 44.445
7680 38.129 43.777 44.508
4368 38.152 43.696 44.422
12984 38.339 43.795 44.571
3768 38.111 43.657 44.488
9296 38.139 43.694 44.452
4968 38.237 43.683 44.450
14072 38.271 43.767 44.473
4216 38.112 43.714 44.382
7280 38.128 43.811 44.528
4016 38.111 43.738 44.428
13104 38.321 43.814 44.506
4248 38.091 43.656 44.402
8672 38.100 43.736 44.475
5504 38.062 43.722 44.403
13616 38.111 43.842 44.533
5024 37.900 43.740 44.438
10360 37.919 43.808 44.570
5624 37.918 43.749 44.475
15344 38.117 43.883 44.580
4720 37.850 43.730 44.451
9776 37.892 43.842 44.463
5760 37.898 43.746 44.492
15096 38.126 43.879 44.659
4504 37.888 43.744 44.565
8424 37.901 43.788 44.587
4816 37.870 43.720 44.511
12864 38.074 43.864 44.548
3816 37.980 43.782 44.478
8296 37.950 43.775 44.438
4392 37.879 43.722 44.406
13168 38.154 43.795 44.452
2544 38.048 43.756 44.398
6800 38.014 43.726 44.414
3568 37.998 43.755 44.432
10528 38.160 43.829 44.550
2920 38.037 43.816 44.541
7024 37.988 43.829 44.424
3608 37.994 43.851 44.460
11816 38.208 43.851 44.474
3080 38.086 43.849 44.416
7448 38.065 43.861 44.411
4080 38.067 43.843 44.426
10792 38.252 43.854 44.551
3176 38.116 43.829 44.462
6016 38.104 43.836 44.483
3688 38.111 43.837 44.455
9152 38.204 43.802 44.461
3048 38.122 43.766 44.419
6240 38.087 43.816 44.380
3520 38.135 43.788 44.404
11048 38.239 43.835 44.440
2840 38.137 43.834 44.514
6592 38.094 43.822 44.383
3072 38.141 43.805 44.466
9384 38.142 43.835 44.452
2368 38.096 43.756 44.466
6184 38.119 43.823 44.504
3072 38.117 43.769 44.440
9208 38.182 43.850 44.568
2432 38.052 43.806 44.479
5552 38.066 43.795 44.418
3000 38.072 43.746 44.392
8368 38.119 43.778 44.485
2928 38.022 43.747 44.513
5664 38.021 43.755 44.517
3792 38.077 43.750 44.444
9688 38.096 43.827 44.484
3888 37.983 43.785 44.439
6824 37.972 43.774 44.553
4224 38.003 43.783 44.554
10976 38.079 43.759 44.535
2960 37.920 43.741 44.494
5552 37.930 43.732 44.491
3080 38.022 43.750 44.443
9344 38.014 43.789 44.435
2728 37.965 43.739 44.525
5432 37.965 43.741 44.414
2704 38.011 43.741 44.485
8512 38.073 43.761 44.550
2416 37.985 43.713 44.440
5128 37.959 43.777 44.499
2920 37.991 43.786 44.427
9104 38.064 43.806 44.550
2080 37.996 43.807 44.405
5200 37.962 43.815 44.526
2832 37.968 43.782 44.408
7952 38.047 43.854 44.533
1208 37.993 43.775 44.414
3320 37.964 43.793 44.499
2232 37.893 43.789 44.455
7968 38.077 43.822 44.505
1736 37.999 43.794 44.489
3384 37.993 43.818 44.422
1864 37.951 43.808 44.535
6280 38.077 43.845 44.415
1096 37.992 43.783 44.429
3336 37.957 43.826 44.396
1168 37.936 43.799 44.473
5224 38.082 43.840 44.406
1064 38.008 43.787 44.436
3024 38.024 43.836 44.411
2632 38.027 43.801 44.408
7272 38.111 43.848 44.504
2032 37.988 43.815 44.401
4536 38.048 43.799 44.433
2800 37.971 43.790 44.477
8496 38.141 43.857 44.449
1144 38.039 43.809 44.441
4168 38.034 43.867 44.516
1880 37.950 43.769 44.434
6920 38.108 43.844 44.480
1432 38.039 43.762 44.440
2312 38.044 43.806 44.486
1056 38.003 43.748 44.354
5504 38.106 43.813 44.456
1384 37.987 43.775 44.375
3512 38.014 43.799 44.443
3456 37.966 43.748 44.436
8288 38.172 43.840 44.426
1728 38.080 43.808 44.424
4224 38.042 43.831 44.455
2488 37.973 43.823 44.437
9096 38.220 43.836 44.492
2576 38.065 43.767 44.400
4904 38.111 43.816 44.437
3256 37.995 43.760 44.358
9016 38.181 43.777 44.420
2296 38.019 43.793 44.420
4432 38.033 43.771 44.424
3680 37.984 43.698 44.405
11424 38.147 43.812 44.423
3760 38.009 43.765 44.410
7528 38.044 43.768 44.411
4512 37.931 43.743 44.429
10496 38.179 43.808 44.449
3136 38.020 43.776 44.440
6536 38.052 43.803 44.427
2992 37.978 43.764 44.512
8608 38.132 43.825 44.546
1704 38.006 43.751 44.522
4072 38.051 43.784 44.505
1736 37.982 43.772 44.477
6280 38.119 43.825 44.473
1968 38.021 43.756 44.469
4208 38.054 43.797 44.540
3096 38.005 43.770 44.463
7856 38.190 43.817 44.461
3160 38.089 43.786 44.468
5312 38.158 43.848 44.458
3576 38.092 43.838 44.570
9200 38.272 43.887 44.514
3224 38.135 43.896 44.522
5768 38.136 43.853 44.487
3472 38.067 43.892 44.518
8384 38.239 43.962 44.600
1552 38.148 43.875 44.571
3680 38.106 43.899 44.559
3016 38.021 43.912 44.547
8464 38.180 43.900 44.599
2056 38.032 43.872 44.570
3920 38.029 43.924 44.638
2216 37.946 43.893 44.565
9304 38.117 43.864 44.609
2856 38.023 43.917 44.509
5240 38.025 43.844 44.544
2896 37.950 43.847 44.516
7864 38.117 43.867 44.593
1696 38.025 43.865 44.581
3968 37.999 43.923 44.548
2952 37.966 43.890 44.494
7256 38.123 43.962 44.632
2752 38.009 43.887 44.541
5008 38.042 43.930 44.586
4592 37.997 43.846 44.512
10552 38.192 43.824 44.537
3080 38.059 43.840 44.499
5208 38.065 43.897 44.499
3136 37.973 43.842 44.537
9784 38.190 43.871 44.614
2864 38.059 43.829 44.502
6272 38.081 43.880 44.583
3016 38.018 43.859 44.557
9208 38.191 43.894 44.598
1680 38.103 43.851 44.615
4056 38.084 43.845 44.607
2664 38.019 43.803 44.564
8208 38.212 43.865 44.703
1920 38.085 43.849 44.568
3920 38.077 43.830 44.513
2728 38.029 43.858 44.534
8920 38.193 43.839 44.485
1888 38.084 43.841 44.470
4456 38.077 43.872 44.522
2688 38.010 43.848 44.499
6616 38.152 43.833 44.601
2152 38.053 43.904 44.583
3080 38.066 43.869 44.562
1880 38.019 43.868 44.519
6160 38.129 43.929 44.540
2136 38.029 43.883 44.550
4032 38.029 43.921 44.512
2648 38.016 43.863 44.576
7120 38.177 43.900 44.547
1040 38.127 43.866 44.559
2984 38.112 43.841 44.559
2560 38.057 43.806 44.544
6064 38.192 43.856 44.579
1752 38.075 43.824 44.548
4208 38.121 43.853 44.539
1864 38.036 43.785 44.530
6320 38.200 43.881 44.601
1320 38.117 43.844 44.526
3840 38.123 43.877 44.570
2448 38.062 43.800 44.510
6856 38.189 43.798 44.507
1744 38.097 43.776 44.439
3776 38.128 43.840 44.479
2552 38.124 43.797 44.488
5032 38.192 43.879 44.527
1232 38.155 43.824 44.489
1936 38.165 43.842 44.480
1832 38.148 43.821 44.479
4776 38.209 43.854 44.517
1768 38.142 43.830 44.498
3832 38.122 43.829 44.565
2840 38.089 43.781 44.478
7784 38.193 43.843 44.490
2616 38.089 43.772 44.487
4056 38.069 43.800 44.489
2576 38.026 43.788 44.450
8400 38.174 43.825 44.506
2168 38.084 43.841 44.532
5104 38.058 43.850 44.565
3048 37.997 43.846 44.500
8712 38.169 43.857 44.515
2248 38.068 43.848 44.512
5000 38.070 43.765 44.507
4384 37.999 43.783 44.468
10792 38.182 43.785 44.427
3920 38.060 43.694 44.337
6240 38.061 43.782 44.368
4280 38.008 43.736 44.442
10224 38.183 43.826 44.389
3704 38.049 43.737 44.342
6168 38.064 43.714 44.336
5296 38.006 43.683 44.257
13520 38.269 43.697 44.336
4928 38.112 43.583 44.282
7920 38.140 43.713 44.377
6368 38.046 43.645 44.251
13576 38.268 43.723 44.353
4888 38.084 43.719 44.341
8448 38.155 43.779 44.347
5880 38.039 43.727 44.310
13144 38.234 43.779 44.392
4440 38.018 43.699 44.324
8064 38.022 43.701 44.238
5504 37.916 43.717 44.303
12312 38.145 43.752 44.403
3784 37.995 43.746 44.409
6088 38.010 43.758 44.402
3024 37.911 43.752 44.326
8832 38.097 43.801 44.438
2208 38.036 43.790 44.480
4000 38.024 43.766 44.480
3200 37.982 43.793 44.467
9920 38.212 43.846 44.495
2344 38.086 43.811 44.471
4248 38.071 43.832 44.489
2928 38.007 43.783 44.519
7888 38.158 43.833 44.512
3168 38.049 43.815 44.468
5656 38.095 43.842 44.473
2664 38.010 43.814 44.514
8680 38.188 43.878 44.453
3064 38.089 43.869 44.581
5776 38.082 43.883 44.495
3944 38.001 43.813 44.497
10984 38.249 43.860 44.416
3272 38.132 43.837 44.519
6168 38.175 43.866 44.548
3872 38.074 43.817 44.467
10408 38.247 43.858 44.522
3856 38.117 43.833 44.474
5640 38.099 43.850 44.450
3232 38.030 43.838 44.473
8968 38.193 43.845 44.448
2040 38.091 43.812 44.540
4208 38.089 43.785 44.461
3104 38.023 43.805 44.466
8600 38.180 43.867 44.476
2848 38.031 43.794 44.390
5608 38.069 43.829 44.449
3344 38.021 43.830 44.364
7592 38.141 43.810 44.453
3136 38.046 43.807 44.420
5136 38.072 43.837 44.489
2728 37.963 43.772 44.433
9112 38.174 43.857 44.552
2184 38.052 43.817 44.497
4072 38.079 43.802 44.523
1832 38.001 43.799 44.535
6024 38.144 43.825 44.480
1864 38.071 43.816 44.496
3808 38.082 43.802 44.502
2400 38.006 43.785 44.400
7096 38.164 43.834 44.484
1696 38.115 43.843 44.521
3888 38.142 43.825 44.498
2608 38.060 43.766 44.484
6784 38.174 43.829 44.481
1144 38.095 43.808 44.489
1872 38.084 43.839 44.497
1416 38.078 43.853 44.472
4072 38.143 43.846 44.422
1256 38.091 43.805 44.419
3480 38.090 43.881 44.490
2600 38.022 43.794 44.439
8200 38.139 43.891 44.444
2496 38.072 43.827 44.446
5432 38.089 43.818 44.515
3216 37.989 43.801 44.466
10784 38.239 43.839 44.453
2288 38.098 43.748 44.383
5600 38.092 43.816 44.378
3800 38.080 43.737 44.404
10048 38.316 43.827 44.411
3192 38.148 43.714 44.398
5488 38.125 43.774 44.425
3720 38.029 43.642 44.335
10816 38.243 43.816 44.430
2704 38.112 43.723 44.401
6016 38.123 43.769 44.362
3776 38.030 43.651 44.299
10552 38.238 43.755 44.446
2192 38.065 43.656 44.334
4088 38.088 43.750 44.472
1848 38.011 43.699 44.368
7904 38.223 43.828 44.455
1488 38.096 43.776 44.402
4096 38.132 43.806 44.401
6208 38.208 43.755 44.417