146360 39.223 44.174 44.760
1192 38.409 43.949 44.572
3400 38.388 44.019 44.654
3464 38.219 43.945 44.541
12456 38.652 44.073 44.634
2320 38.235 43.915 44.578
4064 38.081 43.984 44.496
3336 37.878 43.853 44.539
12552 38.573 44.029 44.625
2480 38.185 43.886 44.554
4072 38.080 43.852 44.526
3248 37.958 43.828 44.511
13640 38.439 43.989 44.589
2072 38.114 43.835 44.440
3568 37.978 43.767 44.424
3160 37.861 43.724 44.349
12416 38.418 43.945 44.611
1992 38.065 43.828 44.531
3104 37.954 43.857 44.509
2600 37.819 43.811 44.523
12200 38.387 43.975 44.637
1736 37.971 43.863 44.550
2672 37.879 43.835 44.560
2568 37.775 43.817 44.480
13352 38.315 43.913 44.617
1672 37.967 43.820 44.468
2624 37.920 43.785 44.458
2416 37.801 43.790 44.461
12656 38.327 43.885 44.577
1296 38.000 43.843 44.537
1816 37.947 43.813 44.499
1296 37.830 43.750 44.431
11096 38.235 43.838 44.520
1184 37.959 43.741 44.439
2248 37.860 43.806 44.513
2704 37.809 43.774 44.430
13688 38.441 43.845 44.569
1544 38.043 43.804 44.413
4056 37.855 43.818 44.444
3472 37.671 43.744 44.357
14376 38.371 43.844 44.484
1672 37.886 43.768 44.407
3304 37.676 43.760 44.374
3304 37.616 43.695 44.294
16072 38.320 43.827 44.515
2064 37.740 43.720 44.467
4280 37.590 43.730 44.414
3424 37.559 43.684 44.351
13872 38.162 43.796 44.486
2512 37.739 43.747 44.365
3736 37.688 43.677 44.382
3664 37.661 43.649 44.348
13648 38.205 43.827 44.506
2544 37.886 43.708 44.437
3912 37.748 43.725 44.428
3448 37.601 43.640 44.333
12328 38.183 43.793 44.506
2472 37.743 43.689 44.428
3856 37.713 43.675 44.393
3216 37.502 43.638 44.366
14720 38.225 43.798 44.484
2472 37.754 43.653 44.387
4344 37.678 43.644 44.370
3528 37.444 43.505 44.181
16344 38.219 43.756 44.473
2240 37.743 43.614 44.304
3080 37.620 43.684 44.374
2656 37.414 43.605 44.360
14120 38.114 43.774 44.466
1376 37.780 43.680 44.454
2160 37.626 43.684 44.389
1952 37.469 43.642 44.347
10776 38.032 43.842 44.524
856 37.757 43.736 44.447
1592 37.662 43.774 44.428
1840 37.488 43.672 44.476
10208 37.934 43.821 44.531
864 37.572 43.759 44.440
2880 37.589 43.748 44.509
2528 37.402 43.679 44.415
11840 38.008 43.781 44.543
1192 37.616 43.690 44.326
3392 37.598 43.745 44.411
3304 37.459 43.635 44.333
14792 38.093 43.789 44.481
2312 37.693 43.724 44.382
5016 37.632 43.702 44.373
3712 37.469 43.683 44.333
15152 38.087 43.787 44.502
2120 37.632 43.717 44.404
3904 37.561 43.742 44.404
3760 37.377 43.698 44.320
16216 38.063 43.785 44.464
2488 37.680 43.745 44.439
4576 37.624 43.737 44.464
3568 37.313 43.686 44.383
18544 38.152 43.833 44.507
2840 37.693 43.673 44.378
4408 37.545 43.648 44.481
3632 37.321 43.590 44.482
17648 38.184 43.794 44.518
2016 37.730 43.674 44.477
3128 37.617 43.701 44.542
2608 37.346 43.638 44.440
14352 38.079 43.750 44.627
1728 37.766 43.662 44.539
2416 37.665 43.690 44.483
2584 37.480 43.622 44.421
12456 38.099 43.719 44.500
1088 37.786 43.670 44.432
2600 37.750 43.759 44.446
2904 37.584 43.732 44.492
13016 38.177 43.821 44.483
2784 37.810 43.769 44.474
3944 37.674 43.748 44.487
2720 37.387 43.608 44.318
14848 38.231 43.889 44.542
1808 37.847 43.760 44.450
3024 37.817 43.779 44.488
2920 37.624 43.711 44.458
12208 38.203 43.888 44.678
1464 37.797 43.787 44.555
3384 37.732 43.815 44.611
2520 37.471 43.731 44.510
11992 38.166 43.878 44.605
1416 37.927 43.808 44.562
1848 37.851 43.843 44.610
1760 37.651 43.775 44.485
8912 38.125 43.836 44.589
608 37.910 43.776 44.426
1536 37.803 43.779 44.526
784 37.580 43.644 44.357
9072 38.136 43.840 44.534
528 37.930 43.767 44.440
1264 37.771 43.753 44.436
1328 37.567 43.702 44.316
7976 38.117 43.843 44.452
496 37.903 43.782 44.485
1512 37.814 43.769 44.407
1536 37.740 43.735 44.491
7920 38.093 43.761 44.490
424 37.907 43.773 44.495
1320 37.761 43.739 44.493
1800 37.615 43.692 44.415
9640 38.113 43.780 44.459
480 37.957 43.725 44.415
1240 37.826 43.687 44.404
1240 37.650 43.649 44.363
8448 38.105 43.851 44.502
520 37.872 43.734 44.511
1584 37.738 43.754 44.487
1968 37.569 43.737 44.415
11376 38.160 43.841 44.464
640 37.857 43.763 44.425
1960 37.728 43.763 44.449
1576 37.489 43.701 44.317
10208 38.127 43.784 44.507
872 37.790 43.730 44.378
2040 37.798 43.770 44.468
1512 37.571 43.678 44.361
9136 38.092 43.855 44.476
928 37.767 43.765 44.359
3384 37.687 43.757 44.444
3032 37.448 43.694 44.407
12456 38.091 43.843 44.546
1032 37.717 43.750 44.403
2448 37.675 43.742 44.454
2256 37.457 43.698 44.378
11864 38.104 43.852 44.541
1472 37.776 43.752 44.452
2856 37.763 43.783 44.521
2488 37.511 43.743 44.363
12176 38.248 43.860 44.556
2304 37.878 43.743 44.429
3688 37.752 43.703 44.462
2816 37.473 43.643 44.408
12760 38.208 43.846 44.556
1720 37.850 43.753 44.426
2896 37.763 43.817 44.436
2376 37.487 43.762 44.460
12576 38.173 43.892 44.561
1608 37.841 43.809 44.366
2592 37.684 43.761 44.406
2176 37.517 43.649 44.273
10472 38.041 43.783 44.490
1120 37.786 43.751 44.378
1896 37.772 43.705 44.481
1936 37.630 43.716 44.376
10248 38.098 43.862 44.516
1752 37.720 43.683 44.388
3800 37.675 43.752 44.397
2936 37.446 43.648 44.398
14128 38.225 43.840 44.504
1744 37.666 43.715 44.378
3704 37.712 43.765 44.400
3856 37.505 43.645 44.369
16304 38.291 43.741 44.411
2336 37.885 43.582 44.344
3656 37.674 43.550 44.297
3328 37.398 43.390 44.232
18008 38.292 43.767 44.419
2232 37.843 43.599 44.355
3544 37.680 43.567 44.349
3096 37.382 43.518 44.216
17616 38.353 43.731 44.472
2056 37.871 43.656 44.395
5016 37.793 43.633 44.369
4528 37.497 43.524 44.390
18792 38.336 43.799 44.475
2976 37.826 43.702 44.366
5944 37.825 43.605 44.397
4640 37.483 43.476 44.363
19384 38.367 43.787 44.457
2944 37.794 43.562 44.311
4816 37.655 43.470 44.292
4224 37.338 43.370 44.160
19784 38.291 43.826 44.427
2336 37.687 43.619 44.266
4776 37.609 43.625 44.296
3056 37.293 43.432 44.148
17328 38.188 43.772 44.448
2232 37.716 43.626 44.332
4784 37.716 43.613 44.343
4376 37.570 43.604 44.284
16616 38.276 43.741 44.413
2288 37.876 43.607 44.294
3760 37.798 43.581 44.273
3056 37.576 43.423 44.154
14504 38.315 43.755 44.408
1808 37.930 43.583 44.374
2664 37.838 43.572 44.280
2360 37.669 43.478 44.228
13000 38.296 43.688 44.347
1720 37.915 43.512 44.354
3240 37.824 43.542 44.398
2760 37.557 43.473 44.245
12648 38.189 43.745 44.449
2072 37.908 43.624 44.309
2848 37.737 43.644 44.312
2664 37.691 43.629 44.315
13048 38.099 43.775 44.450
1288 37.837 43.700 44.377
3880 37.695 43.675 44.389
3136 37.698 43.673 44.392
12440 38.171 43.770 44.479
1448 37.819 43.729 44.410
3584 37.759 43.604 44.387
2072 37.520 43.497 44.253
12752 38.164 43.823 44.563
1856 37.852 43.701 44.447
2856 37.744 43.673 44.480
2360 37.649 43.670 44.373
12456 38.078 43.781 44.492
1632 37.714 43.689 44.487
3952 37.579 43.608 44.449
4008 37.532 43.537 44.422
16280 38.160 43.762 44.545
2888 37.810 43.530 44.425
3616 37.630 43.453 44.430
3064 37.474 43.315 44.347
15136 38.201 43.704 44.498
2392 37.754 43.551 44.388
4248 37.537 43.423 44.309
3144 37.527 43.353 44.303
17568 38.179 43.663 44.439
2392 37.749 43.554 44.318
3704 37.641 43.567 44.415
3232 37.531 43.494 44.312
14256 38.174 43.732 44.452
2768 37.647 43.552 44.365
4496 37.482 43.533 44.334
3656 37.325 43.503 44.211
16808 38.009 43.812 44.490
2864 37.512 43.645 44.369
5096 37.327 43.678 44.362
3952 37.256 43.571 44.188
16960 38.014 43.789 44.497
2896 37.522 43.588 44.332
4640 37.361 43.557 44.305
3888 37.293 43.505 44.290
16712 37.999 43.780 44.541
2640 37.513 43.638 44.417
4808 37.356 43.521 44.365
3616 37.315 43.331 44.213
15520 37.971 43.797 44.441
2152 37.636 43.655 44.301
4216 37.377 43.642 44.305
2832 37.394 43.548 44.212
13536 38.000 43.691 44.323
1264 37.776 43.636 44.220
2608 37.512 43.588 44.257
2304 37.486 43.645 44.242
10752 38.002 43.704 44.421
1216 37.754 43.667 44.361
2672 37.441 43.621 44.237
2648 37.520 43.677 44.318
11168 37.989 43.704 44.337
1576 37.700 43.684 44.285
3032 37.465 43.626 44.300
2856 37.523 43.641 44.314
11536 38.054 43.701 44.491
1768 37.735 43.653 44.351
3480 37.633 43.663 44.368
3112 37.577 43.674 44.332
10400 38.048 43.714 44.387
1960 37.739 43.636 44.332
2832 37.639 43.645 44.247
2392 37.627 43.634 44.305
10328 38.063 43.732 44.329
1720 37.798 43.699 44.420
2968 37.568 43.648 44.246
2448 37.685 43.669 44.353
9288 37.991 43.732 44.394
1264 37.760 43.605 44.407
2736 37.696 43.663 44.403
2104 37.710 43.617 44.351
8840 37.994 43.727 44.527
784 37.748 43.620 44.410
2392 37.589 43.575 44.349
1960 37.581 43.577 44.355
9744 37.943 43.719 44.519
936 37.678 43.654 44.517
2248 37.556 43.608 44.485
2640 37.554 43.590 44.409
10696 37.913 43.738 44.509
1336 37.566 43.667 44.433
3208 37.471 43.617 44.504
2360 37.319 43.590 44.479
13344 37.882 43.684 44.560
1184 37.563 43.618 44.490
2336 37.477 43.592 44.483
1272 37.389 43.578 44.367
11216 37.839 43.738 44.461
848 37.639 43.644 44.519
1992 37.546 43.612 44.374
1648 37.481 43.614 44.459
10832 37.898 43.707 44.577
624 37.667 43.599 44.421
1744 37.512 43.634 44.414
1528 37.482 43.643 44.381
10192 37.874 43.689 44.520
672 37.672 43.654 44.339
1656 37.485 43.646 44.488
1488 37.458 43.569 44.359
10496 37.871 43.776 44.532
544 37.721 43.639 44.380
872 37.601 43.665 44.479
1256 37.484 43.667 44.436
8240 37.840 43.742 44.519
440 37.656 43.660 44.481
1000 37.511 43.707 44.402
1112 37.381 43.677 44.507
8880 37.879 43.763 44.460
384 37.708 43.649 44.422
984 37.561 43.693 44.386
496 37.428 43.664 44.442
6664 37.884 43.721 44.385
304 37.761 43.684 44.395
872 37.627 43.720 44.353
1368 37.473 43.692 44.332
8104 37.900 43.777 44.475
360 37.696 43.694 44.332
1464 37.598 43.701 44.371
1208 37.350 43.686 44.372
9048 37.912 43.790 44.397
376 37.721 43.707 44.361
1120 37.577 43.753 44.439
1096 37.403 43.655 44.361
8888 37.914 43.784 44.449
360 37.746 43.696 44.384
688 37.641 43.765 44.423
824 37.576 43.693 44.288
5896 37.847 43.752 44.414
344 37.663 43.679 44.305
1704 37.560 43.726 44.397
1576 37.364 43.614 44.333
9688 37.998 43.770 44.401
664 37.805 43.676 44.357
1632 37.617 43.664 44.372
1664 37.491 43.609 44.364
7920 38.000 43.740 44.431
552 37.715 43.642 44.326
2224 37.654 43.650 44.352
1144 37.327 43.482 44.179
10408 37.990 43.651 44.413
448 37.663 43.615 44.354
1584 37.597 43.577 44.356
2120 37.407 43.502 44.351
12960 37.972 43.683 44.370
1216 37.583 43.595 44.318
3280 37.468 43.575 44.299
2984 37.219 43.537 44.311
13456 37.995 43.654 44.348
1456 37.609 43.572 44.306
2720 37.556 43.592 44.263
2312 37.370 43.523 44.341
11712 37.960 43.737 44.481
752 37.684 43.575 44.419
880 37.566 43.619 44.384
1136 37.442 43.550 44.307
8896 37.953 43.718 44.385
776 37.632 43.581 44.351
2664 37.713 43.621 44.406
2208 37.603 43.608 44.352
8832 38.004 43.704 44.380
608 37.665 43.614 44.345
3408 37.772 43.673 44.333
1776 37.485 43.574 44.412
10480 38.094 43.773 44.438
856 37.730 43.732 44.413
3176 37.706 43.647 44.335
2216 37.488 43.689 44.380
9472 38.060 43.840 44.523
768 37.790 43.710 44.448
1664 37.690 43.767 44.439
1648 37.472 43.767 44.411
9768 38.005 43.779 44.460
608 37.747 43.704 44.411
1232 37.604 43.785 44.459
1456 37.447 43.721 44.379
10536 37.932 43.744 44.477
832 37.627 43.756 44.339
2792 37.577 43.700 44.396
1936 37.381 43.721 44.344
10232 37.944 43.750 44.475
688 37.738 43.724 44.418
1288 37.601 43.784 44.382
1776 37.465 43.765 44.318
8880 37.968 43.850 44.505
928 37.705 43.771 44.397
2448 37.670 43.803 44.450
2576 37.448 43.683 44.357
11616 38.002 43.716 44.414
1120 37.727 43.675 44.327
1976 37.592 43.739 44.317
1344 37.346 43.628 44.292
11208 38.044 43.733 44.474
856 37.687 43.642 44.276
2568 37.611 43.680 44.374
1128 37.300 43.580 44.260
10456 38.012 43.710 44.441
832 37.781 43.610 44.407
1520 37.655 43.619 44.448
1800 37.526 43.584 44.387
9104 38.028 43.682 44.543
400 37.808 43.630 44.369
1200 37.638 43.622 44.323
1384 37.431 43.652 44.314
9448 37.998 43.706 44.376
648 37.759 43.663 44.301
1408 37.673 43.700 44.363
1400 37.504 43.694 44.335
8384 37.951 43.699 44.472
696 37.716 43.750 44.407
1224 37.629 43.723 44.383
1120 37.487 43.716 44.331
8272 37.955 43.774 44.407
552 37.763 43.689 44.380
1152 37.627 43.757 44.323
928 37.459 43.670 44.359
7544 37.958 43.752 44.385
360 37.786 43.697 44.352
1272 37.716 43.683 44.359
1552 37.566 43.631 44.337
7760 38.009 43.732 44.422
616 37.796 43.661 44.355
1096 37.675 43.685 44.350
792 37.476 43.603 44.281
7744 37.993 43.739 44.462
424 37.774 43.670 44.336
1336 37.700 43.707 44.397
1952 37.611 43.592 44.308
8776 38.021 43.649 44.398
688 37.762 43.620 44.296
1776 37.764 43.665 44.344
1008 37.596 43.579 44.301
6744 38.021 43.690 44.389
968 37.863 43.625 44.322
1080 37.835 43.661 44.314
1152 37.761 43.637 44.304
6072 38.013 43.689 44.374
720 37.845 43.638 44.351
1768 37.717 43.647 44.426
2000 37.596 43.563 44.344
9568 38.014 43.666 44.360
984 37.707 43.577 44.372
1752 37.603 43.537 44.351
1808 37.492 43.547 44.325
10344 37.972 43.684 44.367
936 37.705 43.652 44.365
1856 37.548 43.642 44.363
2136 37.384 43.612 44.287
11184 38.028 43.681 44.376
1072 37.738 43.664 44.335
2384 37.657 43.560 44.294
3200 37.440 43.582 44.250
12944 38.044 43.670 44.285
1752 37.649 43.529 44.160
3448 37.589 43.571 44.156
2720 37.431 43.471 44.194
12168 38.050 43.698 44.219
2064 37.642 43.563 44.178
4336 37.680 43.563 44.180
4152 37.558 43.537 44.071
14088 38.074 43.617 44.176
3696 37.709 43.434 44.094
5120 37.627 43.566 44.187
4080 37.355 43.425 43.964
15168 38.099 43.607 44.197
3064 37.704 43.586 44.184
4096 37.591 43.595 44.103
3496 37.283 43.526 44.079
15648 38.053 43.705 44.235
1872 37.607 43.539 44.093
4040 37.505 43.523 43.992
3296 37.208 43.539 44.064
16120 38.000 43.646 44.288
2000 37.674 43.590 44.259
2808 37.572 43.594 44.199
2304 37.406 43.589 44.132
10328 37.909 43.661 44.258
1288 37.687 43.611 44.272
2040 37.620 43.560 44.282
2000 37.459 43.589 44.275
11168 38.056 43.765 44.334
944 37.810 43.672 44.244
1576 37.668 43.688 44.290
1496 37.458 43.619 44.303
10368 38.014 43.732 44.349
904 37.690 43.674 44.263
2800 37.643 43.676 44.290
1608 37.409 43.621 44.278
10656 38.057 43.711 44.292
1888 37.754 43.717 44.420
2944 37.702 43.708 44.300
2648 37.479 43.653 44.279
12560 38.093 43.730 44.229
1832 37.761 43.662 44.313
3168 37.740 43.685 44.349
2888 37.561 43.643 44.252
12424 38.090 43.727 44.352
1656 37.721 43.677 44.293
3072 37.620 43.688 44.263
2288 37.442 43.670 44.301
11064 38.027 43.716 44.299
1216 37.781 43.670 44.364
1744 37.666 43.631 44.272
1880 37.495 43.644 44.255
9872 37.991 43.729 44.289
1088 37.675 43.608 44.158
2912 37.641 43.644 44.232
2440 37.460 43.669 44.125
10848 38.028 43.687 44.292
888 37.764 43.635 44.199
2616 37.716 43.639 44.243
1864 37.468 43.608 44.185
9920 37.997 43.697 44.383
624 37.780 43.603 44.293
1528 37.663 43.565 44.314
1544 37.539 43.597 44.332
8864 38.000 43.700 44.331
920 37.786 43.662 44.325
1544 37.716 43.633 44.332
1936 37.593 43.609 44.214
7248 38.005 43.724 44.335
376 37.841 43.687 44.359
1488 37.760 43.706 44.339
1824 37.595 43.619 44.332
8104 38.018 43.686 44.318
424 37.820 43.612 44.306
904 37.806 43.662 44.303
784 37.696 43.690 44.285
5536 37.982 43.692 44.254
448 37.854 43.645 44.232
1696 37.725 43.728 44.316
1904 37.623 43.601 44.247
8800 37.939 43.707 44.273
912 37.704 43.595 44.244
2336 37.568 43.537 44.337
2400 37.420 43.453 44.247
12552 38.056 43.689 44.316
968 37.745 43.568 44.239
2592 37.610 43.609 44.246
1408 37.319 43.464 44.198
11376 38.114 43.665 44.299
1080 37.739 43.538 44.256
2968 37.626 43.504 44.282
2936 37.400 43.376 44.191
12704 38.057 43.686 44.331
976 37.704 43.526 44.255
2720 37.631 43.609 44.212
2432 37.389 43.490 44.149
12472 38.045 43.662 44.370
776 37.706 43.511 44.195
1280 37.657 43.603 44.311
584 37.401 43.508 44.140
9560 38.040 43.718 44.329
480 37.768 43.626 44.231
1360 37.718 43.670 44.232
8416 38.028 43.642 44.289