980656 47.353 49.603 49.950
977248 47.334 49.578 49.900
983696 47.360 49.585 49.873
977448 47.340 49.598 49.895
989712 47.339 49.592 49.900
984888 47.339 49.565 49.907
989952 47.340 49.600 49.900
986992 47.340 49.580 49.893
989560 47.344 49.576 49.892
991408 47.328 49.560 49.890
546904 44.823 48.559 49.036
545704 44.825 48.553 48.995
545520 44.797 48.517 49.012
546528 44.827 48.545 49.000
555376 44.810 48.518 49.052
552856 44.816 48.511 49.015
554368 44.796 48.515 48.995
553432 44.813 48.530 49.000
553184 44.798 48.536 49.001
553664 44.782 48.500 48.964
343960 43.059 47.313 47.867
344552 43.066 47.273 47.886
342352 43.042 47.225 47.887
344328 43.053 47.253 47.823
348416 43.009 47.255 47.815
347768 43.050 47.291 47.879
348096 43.018 47.278 47.831
347488 43.016 47.297 47.813
348944 43.021 47.282 47.855
349536 43.015 47.216 47.767
221704 41.127 45.645 46.106
219544 41.109 45.617 46.134
217840 41.105 45.625 46.188
220008 41.125 45.619 46.173
224272 41.095 45.540 46.092
222400 41.106 45.630 46.162
222792 41.051 45.624 46.131
222776 41.087 45.570 46.096
224680 41.076 45.593 46.123
223800 41.074 45.538 46.086
140296 39.011 43.949 44.415
139392 39.024 43.979 44.679
137888 39.037 43.996 44.550
139584 39.024 43.902 44.431
143000 38.994 44.040 44.415
141656 39.015 44.055 44.671
141888 38.996 43.949 44.432
142528 39.014 43.904 44.630
142928 38.966 43.980 44.318
141928 38.971 43.829 44.310
87576 36.895 42.266 42.591
86400 36.951 42.465 42.642
86256 37.017 42.475 42.818
86616 36.942 42.284 42.702
88048 36.889 42.373 42.620
88144 36.933 42.430 42.715
87160 36.863 42.401 42.639
87408 36.933 42.316 42.575
88856 36.877 42.362 42.606
88712 36.918 42.192 42.662
55688 34.776 40.861 41.115
56368 34.906 40.744 41.246
54912 34.904 40.899 41.238
55328 34.861 41.019 41.591
57408 34.836 40.836 41.216
56856 34.853 40.975 41.143
56304 34.917 40.845 41.480
56272 34.799 40.867 41.146
57008 34.846 40.923 41.548
56968 34.796 40.908 41.113
36448 32.533 40.016 40.374
38544 32.809 39.715 40.277
37736 32.883 39.881 40.437
37816 32.811 39.690 40.154
38760 32.771 39.869 40.184
37072 32.542 39.630 40.347
37848 32.862 39.962 40.354
38328 32.721 39.762 40.243
38288 32.647 39.860 40.346
38216 32.622 39.880 40.419