140304 39.011 43.949 44.415
139400 39.024 43.979 44.679
137896 39.037 43.996 44.550
139592 39.024 43.902 44.431
143008 38.994 44.040 44.415
141664 39.015 44.055 44.671
141896 38.996 43.949 44.432
142536 39.014 43.904 44.630
142936 38.966 43.980 44.318
141936 38.971 43.829 44.310
140568 39.003 43.892 44.550
139560 39.000 43.951 44.422
141920 38.974 43.939 44.393
142800 38.950 43.956 44.505
142272 38.977 43.983 44.322
142432 38.981 43.995 44.510
143400 38.971 44.020 44.699
144032 38.967 43.894 44.353
143672 38.947 43.999 44.429
142720 38.990 43.981 44.686
144744 38.979 44.051 44.569
145584 38.980 44.046 44.416
144048 38.959 44.061 44.575
144648 39.050 43.939 44.383
145344 39.073 43.886 44.304
145656 39.037 44.032 44.600
143016 38.991 44.008 44.482
142160 39.054 43.948 44.292
144176 39.019 43.889 44.387
144496 39.019 43.898 44.355
144784 38.996 43.903 44.539
143488 39.072 43.966 44.315
144336 39.086 43.820 44.433
142824 39.003 43.835 44.421
143168 39.086 43.916 44.381
140832 39.141 43.772 44.338
141352 39.146 43.920 44.344
142824 39.082 43.854 44.434
143168 39.036 43.891 44.307
142152 39.106 43.866 44.342
142688 39.033 43.926 44.423
144848 38.965 43.897 44.418
144200 38.941 43.910 44.330
143064 39.016 43.904 44.420
144680 39.022 43.901 44.373
145384 38.899 43.920 44.478
145976 38.915 43.962 44.263
144648 38.942 43.931 44.396
145752 38.957 43.921 44.490
146800 38.912 44.000 44.324
145520 38.914 43.917 44.504
143832 38.979 43.970 44.505
145304 38.930 43.941 44.493
144992 38.885 43.875 44.376
146280 38.936 43.962 44.477
146048 38.929 43.823 44.479
145568 38.919 43.960 44.469
146600 38.946 43.757 44.424
144952 38.954 43.886 44.328
144672 38.922 43.862 44.281
145184 38.926 43.896 44.432
145400 38.916 43.809 44.363
145256 38.931 43.920 44.395
145600 38.934 43.872 44.355
145168 38.921 43.861 44.302
145832 38.927 43.915 44.426
146952 38.898 43.859 44.359
148264 38.892 43.943 44.286
148176 38.880 43.954 44.404
148960 38.915 43.859 44.435
148984 38.902 43.805 44.234
148464 38.877 43.977 44.395
149008 38.924 44.019 44.480
149104 38.901 43.896 44.543
150088 38.905 43.939 44.486
148832 38.884 43.962 44.444
149592 38.879 43.968 44.594
149376 38.864 44.008 44.494
149488 38.876 43.938 44.604
149368 38.864 44.010 44.350
148848 38.883 43.852 44.428
148784 38.859 43.893 44.395
147304 38.874 43.952 44.466
146696 38.889 43.901 44.461
146000 38.883 43.969 44.562
146128 38.909 43.991 44.437
146128 38.879 43.839 44.294
145984 38.876 43.972 44.532
146120 38.898 43.931 44.363
146496 38.898 44.027 44.489
144184 38.870 43.970 44.255
145160 38.934 43.856 44.451
144648 38.886 43.947 44.575
145032 38.862 43.903 44.376
147008 38.905 43.893 44.394
146952 38.880 43.868 44.228
147688 38.883 43.969 44.404
146600 38.908 43.913 44.327
147128 38.873 43.999 44.531
147184 38.905 43.823 44.559
146936 38.906 43.913 44.384
147184 38.889 43.869 44.405
147104 38.893 43.970 44.473
147248 38.884 43.956 44.565
147736 38.899 43.943 44.429
149056 38.904 43.935 44.514
148136 38.893 43.893 44.410
147704 38.886 43.906 44.486
148560 38.899 43.946 44.536
147744 38.864 43.885 44.456
146176 38.857 43.953 44.578
146536 38.896 44.056 44.458
146392 38.926 43.836 44.333
146336 38.923 43.967 44.441
146896 38.912 44.026 44.353
146824 38.907 43.970 44.595
147696 38.949 43.906 44.388
146688 38.924 44.063 44.460
146992 38.944 43.922 44.356
147376 38.962 43.980 44.559
146624 38.975 43.953 44.507
146240 38.968 44.034 44.724
146096 38.949 44.009 44.612
148056 38.985 43.981 44.539
146488 38.950 43.999 44.600
147424 38.987 43.879 44.487
146840 38.940 44.063 44.699
147680 38.944 43.955 44.454
147240 38.938 44.001 44.584
147736 38.955 43.980 44.496
147208 38.927 43.989 44.507
147696 38.943 44.020 44.442
147848 38.934 44.088 44.686
148280 38.949 43.962 44.597
147768 38.953 44.037 44.594
147680 38.911 44.038 44.638
147464 38.929 44.029 44.410
147424 38.898 44.016 44.504
148240 38.920 43.908 44.384
147424 38.907 44.098 44.537
147200 38.899 43.963 44.500
148552 38.918 44.018 44.595
147808 38.930 43.998 44.476
148504 38.916 44.030 44.462
148776 38.918 43.919 44.372
147792 38.929 43.900 44.440
147768 38.938 44.018 44.495
147704 38.928 44.030 44.478
147872 38.914 44.090 44.452
147448 38.929 44.115 44.486
147504 38.941 43.975 44.645
148512 38.964 43.963 44.422
147360 38.916 43.922 44.519
147632 38.959 43.936 44.495
147792 38.967 43.894 44.467
148344 38.980 43.964 44.228
147376 38.928 44.021 44.476
147848 38.904 43.987 44.404
147440 38.921 43.934 44.542
146720 38.883 43.971 44.519
147136 38.911 44.048 44.379
146952 38.885 44.001 44.356
146064 38.916 44.177 44.384
147552 38.899 43.962 44.428
148128 38.906 44.078 44.559
149296 38.906 44.005 44.542
148424 38.934 44.073 44.580
149552 38.904 43.922 44.315
148664 38.932 43.916 44.392
148352 38.951 44.042 44.485
147360 38.910 44.062 44.498
147352 38.962 44.059 44.529
145528 38.925 44.032 44.411
145256 38.957 44.064 44.504
144632 38.915 43.992 44.613
145848 38.937 44.083 44.482
146912 38.933 43.955 44.433
147448 38.919 44.074 44.388
146288 38.931 43.980 44.431
148032 38.918 43.973 44.526
147208 38.936 43.992 44.601
148432 38.886 43.976 44.427
148168 38.895 44.050 44.606
148624 38.896 43.977 44.378
148712 38.928 44.099 44.597
149592 38.925 43.946 44.250
149640 38.924 44.078 44.496
150016 38.909 44.014 44.363
147720 38.907 44.038 44.252
148856 38.918 43.942 44.374
148616 38.928 44.079 44.513
149000 38.959 43.983 44.492
147400 38.957 43.973 44.235
147624 38.927 43.854 44.266
146640 38.962 43.975 44.510
146024 38.961 43.949 44.496
145680 38.970 44.015 44.528
145456 38.999 43.946 44.499
145128 39.017 43.798 44.309
144616 38.987 43.932 44.363
144008 38.987 44.018 44.452
144904 38.968 43.949 44.531
144936 39.006 43.964 44.521
144336 39.011 44.042 44.315
144032 39.023 43.862 44.321
143728 39.040 43.935 44.342
143272 39.020 44.005 44.464
143408 39.025 43.955 44.581
143528 38.984 43.937 44.527
143152 38.996 43.859 44.477
143064 38.992 43.980 44.517
143080 39.001 43.859 44.554
143568 39.013 43.964 44.513
144224 38.969 43.930 44.542
144720 38.941 44.051 44.468
146504 38.947 43.940 44.518
145976 38.953 43.987 44.465
146880 38.886 43.862 44.336
147144 38.883 44.001 44.425
147952 38.870 43.968 44.341
147304 38.896 44.021 44.527
147848 38.869 43.976 44.240
146416 38.852 43.988 44.431
146392 38.896 44.055 44.457
145368 38.857 43.904 44.347
145192 38.887 43.994 44.355
145624 38.910 43.949 44.338
144864 38.909 43.994 44.473
144696 38.938 43.848 44.234
144864 38.898 43.920 44.396
144320 38.900 43.898 44.521
146056 38.936 43.929 44.260
145072 38.914 43.990 44.529
146864 38.895 43.949 44.477
146800 38.915 43.956 44.382
147232 38.861 44.012 44.358
148008 38.902 43.958 44.592
147472 38.873 44.074 44.506
147704 38.869 44.021 44.402
145464 38.916 44.011 44.471
148208 38.910 43.966 44.622
147512 38.891 43.913 44.674
146304 38.860 43.917 44.611
146504 38.932 44.056 44.443
148136 38.903 43.886 44.536
148648 38.883 44.080 44.421
148000 38.890 44.079 44.518
147416 38.910 44.025 44.471
148640 38.884 44.063 44.411
148456 38.877 43.967 44.375
147424 38.860 43.987 44.502
147984 38.895 43.860 44.338
149400 38.890 43.974 44.542
148840 38.881 43.950 44.393
147912 38.841 43.906 44.328
147128 38.903 44.030 44.420
146872 38.875 43.915 44.553
147040 38.842 43.834 44.366
146672 38.827 43.977 44.519
145672 38.903 43.939 44.366
146400 38.896 43.895 44.383
146608 38.888 43.781 44.327
146112 38.832 43.902 44.362
143704 38.926 43.792 44.191
144928 38.925 43.904 44.398
145512 38.851 43.890 44.274
146600 38.823 43.962 44.460
145832 38.929 43.964 44.299
145760 38.932 43.984 44.435
147672 38.880 43.924 44.471
147784 38.823 43.813 44.230
146864 38.896 43.810 44.252
146816 38.873 44.003 44.652
148368 38.805 43.826 44.381
148040 38.779 44.025 44.579
146928 38.838 44.029 44.522
148200 38.821 43.964 44.372
147960 38.764 43.964 44.703
147896 38.757 43.919 44.354
147064 38.794 43.943 44.638
149680 38.808 44.007 44.422
149056 38.809 43.911 44.424
146912 38.748 44.002 44.423
147896 38.833 43.970 44.509
150072 38.791 44.082 44.570
148704 38.825 43.940 44.422
146496 38.816 44.017 44.364
148672 38.797 44.007 44.524
149368 38.774 44.091 44.398
147256 38.777 43.993 44.425
145512 38.834 44.074 44.551
147744 38.802 44.007 44.220
148272 38.735 43.995 44.572
147936 38.790 43.869 44.297
146456 38.787 43.940 44.545
147144 38.787 43.872 44.269
149928 38.767 43.977 44.310
148248 38.807 43.953 44.360
146328 38.817 43.906 44.474
145720 38.787 43.940 44.504
149000 38.783 43.991 44.446
147408 38.776 43.951 44.446
146280 38.808 44.027 44.369
147320 38.818 43.991 44.595
148416 38.790 44.000 44.437
147936 38.804 43.981 44.414
146344 38.788 44.022 44.458
146872 38.830 43.908 44.343
148728 38.768 43.903 44.314
147816 38.775 43.949 44.471
146584 38.779 44.078 44.445
147408 38.830 44.012 44.463
149224 38.787 43.982 44.433
148360 38.752 43.959 44.439
146936 38.752 43.938 44.499
147792 38.824 43.964 44.434
149432 38.785 43.991 44.536
149328 38.768 43.987 44.313
148400 38.752 43.925 44.428
148192 38.792 43.912 44.492
148896 38.790 43.884 44.350
150312 38.776 43.961 44.510
149120 38.768 44.027 44.484
147312 38.810 44.065 44.480
149064 38.774 44.007 44.701
149936 38.753 43.927 44.304
150864 38.742 43.936 44.751
148152 38.791 43.908 44.377
150296 38.801 43.906 44.337
150792 38.739 43.891 44.632
150136 38.733 43.981 44.476
149488 38.823 43.952 44.672
150584 38.788 44.006 44.567
150720 38.771 44.012 44.707
150736 38.766 43.945 44.617
150048 38.842 43.881 44.446
151640 38.815 44.020 44.552
150920 38.810 43.922 44.547
150144 38.780 43.881 44.192
150296 38.804 43.974 44.553
151376 38.783 43.920 44.448
151080 38.769 44.020 44.493
149640 38.736 43.936 44.348
149808 38.759 43.991 44.499
151264 38.747 43.963 44.481
151696 38.748 43.933 44.430
149880 38.748 43.926 44.343
151320 38.735 43.879 44.639
150816 38.757 43.978 44.433
151520 38.725 43.888 44.316
151592 38.778 43.911 44.477
151664 38.756 43.922 44.448
151720 38.767 43.989 44.450
151416 38.712 43.987 44.463
152096 38.723 43.764 44.318
151376 38.727 43.853 44.448
151496 38.745 43.917 44.552
151624 38.718 43.916 44.595
151016 38.734 43.881 44.494
151144 38.766 43.920 44.504
149384 38.731 43.897 44.378
149728 38.727 43.868 44.477
149552 38.724 43.860 44.412
150200 38.765 43.929 44.355
150352 38.774 44.035 44.542
149496 38.757 43.959 44.414
150104 38.755 43.905 44.532
150528 38.756 43.896 44.519
149952 38.764 43.877 44.469
151472 38.776 43.979 44.400
151208 38.767 43.961 44.474
150808 38.766 44.047 44.463
151904 38.790 43.883 44.341
150696 38.746 43.960 44.504
150608 38.754 43.900 44.607
149616 38.747 43.919 44.492
149336 38.734 43.899 44.496
149568 38.775 43.966 44.531
149432 38.749 43.886 44.423
150016 38.783 43.927 44.374
149200 38.763 43.874 44.325
148968 38.754 43.885 44.365
148744 38.745 43.940 44.475
150176 38.769 43.987 44.460
149776 38.782 43.953 44.364
150600 38.751 43.894 44.362
150136 38.753 43.885 44.315
150976 38.786 43.825 44.393
150040 38.769 43.858 44.267
149264 38.766 43.948 44.420
150016 38.775 43.964 44.431
150360 38.771 43.901 44.344
149304 38.759 43.914 44.452
150192 38.790 43.873 44.284
150096 38.785 43.987 44.564
150352 38.800 43.848 44.327
148936 38.755 43.872 44.480
149248 38.738 43.979 44.628
150296 38.765 44.020 44.453
150952 38.755 43.932 44.459
150656 38.767 43.898 44.536
151320 38.772 43.976 44.523
150288 38.759 43.857 44.319
149168 38.718 44.038 44.577
149880 38.765 43.891 44.399
149712 38.782 43.861 44.307
149256 38.768 43.945 44.512
149144 38.784 43.954 44.470
147656 38.758 43.968 44.434
148408 38.765 44.063 44.386
148752 38.752 43.903 44.319
149256 38.792 43.945 44.635
148936 38.780 43.942 44.351
149752 38.778 44.011 44.242
149320 38.802 43.865 44.468
149616 38.805 44.054 44.656
149200 38.780 44.002 44.588
149496 38.762 43.962 44.351
149816 38.755 43.944 44.413
149200 38.740 43.926 44.436
149624 38.756 43.901 44.436
148832 38.735 43.889 44.367
150000 38.774 43.965 44.501
149064 38.749 43.948 44.637
148496 38.728 44.015 44.519
150344 38.769 43.960 44.502
148976 38.729 44.060 44.456
149544 38.728 44.029 44.649
148856 38.757 44.022 44.407
149672 38.756 43.963 44.517
150440 38.759 43.976 44.609
148896 38.764 44.035 44.522
149048 38.754 43.882 44.383
149248 38.758 43.949 44.467
149232 38.772 44.029 44.501
149960 38.775 43.943 44.268
148784 38.791 44.001 44.296
150264 38.752 44.000 44.531
148648 38.756 43.921 44.302
148440 38.757 44.018 44.351
149696 38.742 43.928 44.413
149760 38.775 43.996 44.351
149744 38.773 44.026 44.469
149424 38.770 44.045 44.547
149360 38.749 43.942 44.393
150176 38.765 43.889 44.216
150296 38.773 43.964 44.291
149944 38.776 43.991 44.524
151152 38.769 43.977 44.469
151168 38.760 43.973 44.482
150768 38.755 43.971 44.461
151632 38.774 44.038 44.609
150448 38.775 43.998 44.588
150952 38.731 44.017 44.595
151248 38.754 44.046 44.514
151952 38.785 43.946 44.440
151504 38.735 44.054 44.537
150976 38.723 43.880 44.388
150496 38.745 43.975 44.421
151272 38.768 43.968 44.445
150776 38.758 44.011 44.486
151480 38.770 43.806 44.160
151032 38.755 44.028 44.430
150632 38.754 43.984 44.418
150000 38.785 43.911 44.312
151536 38.776 43.859 44.325
149800 38.787 43.960 44.418
151888 38.798 44.007 44.446
149624 38.757 43.939 44.464
150640 38.785 43.972 44.496
150008 38.777 43.956 44.391
149840 38.764 43.987 44.416
149920 38.777 43.953 44.467
150320 38.783 43.880 44.313
149440 38.794 43.861 44.341
149760 38.798 43.992 44.427
150376 38.779 43.993 44.317
150048 38.766 44.029 44.453
149696 38.772 44.049 44.435
150576 38.790 44.074 44.449
150136 38.792 43.992 44.565
150808 38.792 43.987 44.611
149832 38.784 43.952 44.536
149448 38.794 44.006 44.306
148968 38.749 43.909 44.392
150392 38.748 43.908 44.279
151280 38.768 44.011 44.546
150320 38.768 43.862 44.229
150920 38.798 43.950 44.431
150128 38.782 43.978 44.355
150312 38.790 43.925 44.437
151376 38.818 43.899 44.401
150704 38.805 43.929 44.246
150192 38.819 43.894 44.319
150496 38.795 43.939 44.489
151216 38.814 43.928 44.260
151064 38.783 43.962 44.334
151928 38.782 43.917 44.358
150760 38.803 43.807 44.249
151040 38.772 43.879 44.491
151632 38.754 43.879 44.353
150984 38.759 43.884 44.196
150712 38.782 43.879 44.271
150528 38.808 43.886 44.293
150256 38.785 43.893 44.280
150656 38.782 43.827 44.239
150656 38.814 43.907 44.315
151672 38.819 43.823 44.221
151536 38.801 43.924 44.327
151608 38.810 43.990 44.467
151760 38.819 43.923 44.266
152696 38.818 43.912 44.513
153248 38.799 43.860 44.470
153256 38.789 43.843 44.321
152280 38.810 43.752 44.357
152960 38.771 43.829 44.185
153200 38.800 43.861 44.267
152128 38.797 44.015 44.380
152200 38.791 43.813 44.254
152896 38.801 43.860 44.230
152016 38.776 43.882 44.433
151808 38.783 43.891 44.283
151288 38.774 44.011 44.515
150712 38.750 43.922 44.307
150904 38.765 44.039 44.491
150480 38.747 43.892 44.285
150936 38.770 43.940 44.530
150240 38.737 43.983 44.544
149832 38.723 43.882 44.339
149448 38.728 43.947 44.483
149936 38.767 44.037 44.489
150936 38.779 43.924 44.356
150384 38.793 44.027 44.453
150216 38.783 44.004 44.449
149448 38.797 44.052 44.397
149568 38.785 43.950 44.516
148752 38.792 43.993 44.343
149056 38.816 43.961 44.628
149768 38.824 43.974 44.569
148512 38.806 43.996 44.582
149312 38.814 43.799 44.387
149416 38.796 44.000 44.517
149296 38.806 43.931 44.345
149872 38.798 43.973 44.461
150088 38.796 44.077 44.545
150264 38.774 43.931 44.464
150544 38.777 43.995 44.400
149640 38.756 43.988 44.645
151048 38.762 43.878 44.335
151136 38.761 44.013 44.418
150928 38.753 43.877 44.481
150200 38.731 44.017 44.592
149984 38.785 44.057 44.553
149888 38.745 43.803 44.143
149016 38.755 44.080 44.363
149800 38.727 43.941 44.465
150264 38.765 43.961 44.551
150312 38.777 43.906 44.373
149256 38.750 43.997 44.412
149808 38.761 43.778 44.235
149400 38.748 43.972 44.432
150368 38.746 43.872 44.530
149320 38.770 43.960 44.427
150336 38.767 43.978 44.431
149288 38.774 43.956 44.510
150008 38.771 43.931 44.406
149720 38.773 43.997 44.431
150096 38.749 43.937 44.465
150856 38.766 44.017 44.537
150448 38.763 43.970 44.325
150512 38.784 43.938 44.396
150992 38.767 43.937 44.561
150928 38.768 43.901 44.278
150528 38.788 43.933 44.452
151080 38.787 44.004 44.419
150688 38.780 43.863 44.356
150408 38.784 44.014 44.544
150048 38.764 43.947 44.409
149144 38.769 43.952 44.595
148480 38.763 43.971 44.575
148096 38.760 43.959 44.522
148752 38.786 43.952 44.569
148576 38.756 44.050 44.480
149120 38.815 43.905 44.321
148120 38.791 43.975 44.446
148240 38.790 43.885 44.575
148544 38.774 43.947 44.481
148848 38.780 44.042 44.541
149304 38.815 43.951 44.447
149672 38.830 43.919 44.582
148344 38.795 43.971 44.475
149416 38.799 43.924 44.568
149016 38.795 43.866 44.259
150888 38.778 43.850 44.509
150320 38.785 43.952 44.383
149312 38.805 43.902 44.552
150128 38.803 43.906 44.420
149560 38.762 43.862 44.444
150688 38.807 43.893 44.323
151336 38.790 43.918 44.350