108392 39.8528 44.6451 45.2134
1016 39.2718 44.4759 45.0560
1856 39.1374 44.5326 45.1083
1312 38.9780 44.4673 44.9939
9768 39.3364 44.5858 45.1182
848 39.0813 44.4426 45.0888
1824 38.9399 44.4698 44.9230
1768 38.8297 44.3753 44.9501
10096 39.3091 44.5413 45.0070
936 38.9567 44.4235 44.9078
2160 38.8399 44.4178 44.8718
1816 38.7765 44.3638 44.8404
12632 39.2302 44.4985 44.9480
1032 38.9976 44.3895 44.8254
1888 38.8924 44.3518 44.8040
1504 38.7732 44.3771 44.8079
9384 39.2081 44.4487 44.9162
992 38.9195 44.4288 44.8875
1904 38.8051 44.3992 44.8124
1296 38.6892 44.3872 44.8673
10264 39.1951 44.5102 44.9553
960 38.8507 44.4171 44.9054
1544 38.7776 44.4009 44.8660
1200 38.7089 44.3620 44.7800
10960 39.1591 44.4023 44.9290
848 38.8579 44.3484 44.8311
1776 38.7581 44.3243 44.8067
1408 38.6695 44.3372 44.7895
10240 39.1839 44.3422 44.9344
952 38.8439 44.3806 44.9064
1432 38.8159 44.3248 44.8315
1192 38.7411 44.3116 44.8181
9072 39.1377 44.4327 44.8718
872 38.7967 44.3865 44.8256
1928 38.7489 44.4142 44.8769
1456 38.7277 44.3593 44.7880
9592 39.2146 44.3932 44.8897
1088 38.8813 44.3959 44.7941
2408 38.6814 44.3804 44.8160
1560 38.5233 44.3397 44.7508
11520 39.1288 44.3427 44.8276
1208 38.7123 44.3819 44.7659
2032 38.4911 44.3188 44.7232
1376 38.4716 44.2648 44.6584
12344 39.1033 44.2884 44.8461
1200 38.5464 44.2868 44.8253
2600 38.4131 44.2911 44.8142
1928 38.4452 44.2307 44.7472
12536 39.1226 44.3343 44.8178
1376 38.7355 44.3514 44.7454
2168 38.6272 44.2516 44.7436
1848 38.5799 44.2648 44.7023
10176 39.0725 44.3937 44.8353
1296 38.7316 44.2924 44.8002
2392 38.7076 44.2976 44.7557
1744 38.5535 44.2130 44.6789
11216 39.1380 44.3324 44.8996
1496 38.7669 44.2917 44.8822
2320 38.7396 44.2930 44.8264
1600 38.5175 44.2459 44.7904
11376 39.1540 44.4195 44.9016
1440 38.7505 44.3382 44.8530
2632 38.6698 44.3887 44.7692
1768 38.3969 44.2973 44.6010
12280 39.1409 44.4353 44.8582
1160 38.7335 44.3803 44.7547
1752 38.5909 44.3883 44.8029
1264 38.3708 44.3154 44.8272
11328 39.0650 44.4203 44.8292
776 38.7878 44.4094 44.8686
1280 38.6974 44.4090 44.8229
832 38.5675 44.4038 44.8107
8848 39.0587 44.4538 44.9531
528 38.8807 44.4652 44.9147
1048 38.8084 44.4672 44.9202
944 38.6572 44.4362 44.9775
7888 39.0353 44.4945 44.9706
704 38.7750 44.5378 44.9618
1240 38.7835 44.4669 45.0160
960 38.6635 44.5092 44.9428
7432 39.0870 44.5338 45.0117
1040 38.8151 44.5363 44.8369
1800 38.7224 44.5214 44.9216
1656 38.5853 44.4900 44.8620
9704 39.1173 44.5310 44.9258
1312 38.7897 44.4823 44.8520
2880 38.7066 44.4176 44.8056
1896 38.5589 44.3865 44.7539
10712 39.1188 44.5120 44.9946
1248 38.7424 44.5141 44.9283
2272 38.6235 44.5178 44.9030
1888 38.5430 44.4960 44.8627
10768 39.0831 44.4758 44.8787
1264 38.7757 44.5164 44.8625
2320 38.7560 44.5158 44.9080
2112 38.5212 44.5056 44.8437
11880 39.1353 44.5520 44.9672
1376 38.7713 44.4979 44.9026
2368 38.6962 44.4999 45.0112
1800 38.5629 44.4624 45.0403
10144 39.1556 44.5068 44.9854
928 38.7530 44.4379 45.0277
1928 38.7600 44.4632 45.0563
1288 38.5174 44.4057 44.9965
10600 39.1017 44.5441 45.0984
936 38.8729 44.4577 45.0396
1216 38.7812 44.4550 44.9641
1144 38.6336 44.3993 44.9660
7960 39.0737 44.4784 44.9878
760 38.8624 44.4266 44.9496
1280 38.8446 44.5034 44.9805
1464 38.6836 44.4020 45.0212
8624 39.1566 44.4848 44.9079
1488 38.8405 44.4351 44.9398
2136 38.7433 44.4961 44.9607
1648 38.5825 44.4433 44.8845
9144 39.1809 44.5982 44.9817
952 38.8899 44.5499 44.9594
1784 38.9015 44.5865 45.0095
1688 38.7639 44.5261 44.9947
9064 39.2478 44.6650 45.1600
984 38.9745 44.6517 45.1000
1800 38.9094 44.6451 45.1170
1304 38.7330 44.5866 45.0721
7304 39.2116 44.6275 45.0913
520 38.9975 44.5815 45.0723
1208 38.9481 44.6250 45.1204
736 38.7652 44.5509 44.9952
6880 39.2022 44.6170 45.1409
544 39.0224 44.6127 45.0229
920 38.9620 44.5949 45.1007
704 38.8493 44.5443 44.9637
5704 39.1811 44.6471 45.0434
560 39.0321 44.6204 44.9805
1064 38.9584 44.5915 44.9877
840 38.8316 44.5768 44.9207
5592 39.1550 44.5947 44.9671
384 39.0084 44.5614 45.0025
688 38.9314 44.5331 44.9453
760 38.8235 44.5190 45.0084
5864 39.1497 44.5587 45.0105
504 38.9548 44.5858 45.0216
1072 38.9462 44.5862 45.0181
664 38.7848 44.5760 44.9577
5632 39.1490 44.5840 44.9657
584 39.0178 44.5727 44.9809
832 38.9320 44.5365 44.9729
808 38.8023 44.5418 44.9598
7112 39.2007 44.6461 45.0443
456 39.0050 44.5597 45.0817
984 38.9535 44.5757 45.0317
712 38.8172 44.5364 44.9586
6360 39.1779 44.6022 45.0018
440 38.9439 44.5455 44.9872
1200 38.8874 44.5296 44.9780
560 38.7479 44.5421 44.8838
6832 39.1647 44.5390 45.0315
448 38.9630 44.5156 44.9628
968 38.9143 44.5626 45.0294
928 38.7827 44.4915 44.9351
7184 39.1668 44.6038 45.0760
912 38.9033 44.5648 45.0228
2024 38.8431 44.5442 45.0525
1600 38.6081 44.5064 45.0164
9272 39.1662 44.6416 45.1804
688 38.8935 44.5866 45.0935
1392 38.8401 44.5603 45.1051
1032 38.6582 44.5490 45.0297
8096 39.1774 44.6041 45.1081
592 38.9685 44.5917 45.0300
1288 38.8896 44.5902 45.1364
1024 38.7232 44.5654 45.0128
8064 39.2078 44.5726 45.1047
896 38.9296 44.5174 45.0538
1608 38.8025 44.4934 45.0700
1504 38.6221 44.4958 45.0749
8928 39.1466 44.5706 45.1252
936 38.8964 44.5761 45.0602
1728 38.8217 44.5669 45.0569
1352 38.6216 44.5561 45.0684
9416 39.1437 44.6418 45.1484
768 38.8624 44.6178 44.9884
1440 38.7580 44.5951 45.0248
1288 38.6475 44.5600 44.9095
8568 39.1369 44.5675 45.0276
696 38.9256 44.5936 44.9646
1336 38.8528 44.5039 45.0327
1168 38.6767 44.5356 44.9496
8200 39.1389 44.6116 45.0459
1152 38.8416 44.4873 44.9484
2016 38.7543 44.5189 44.9236
1472 38.5473 44.4007 44.9397
10064 39.1712 44.5662 45.0061
1128 38.7688 44.5481 44.9443
2424 38.7108 44.5307 44.9025
1752 38.4143 44.4575 44.8710
12728 39.2099 44.4936 44.9352
1288 38.8021 44.4440 44.8826
2472 38.6584 44.4218 44.8239
1760 38.3414 44.3941 44.8072
14344 39.1840 44.5171 44.9219
1048 38.7920 44.4734 44.9179
2248 38.7006 44.4659 44.9252
1776 38.4341 44.4597 44.8348
11944 39.1825 44.5038 44.9330
1256 38.7453 44.4807 44.9440
2792 38.6309 44.4704 44.8699
2344 38.3487 44.4474 44.9674
13688 39.1509 44.4695 44.9412
1584 38.7482 44.4431 44.8956
3168 38.6512 44.4350 44.9162
2616 38.4110 44.3842 44.8418
14264 39.1595 44.4777 44.9197
1640 38.6861 44.3659 44.8890
3184 38.5520 44.3006 44.8460
2200 38.2618 44.3376 44.7024
15072 39.1109 44.5428 45.0202
1560 38.6421 44.4703 44.9459
3064 38.5957 44.4690 44.9346
2112 38.3293 44.3778 44.8871
12728 39.0514 44.5083 44.9917
1256 38.6764 44.4132 45.0036
2544 38.6083 44.3650 44.9477
1816 38.3629 44.3389 44.8834
12456 39.0577 44.4288 44.9441
992 38.7308 44.3964 44.8885
1744 38.6134 44.3756 44.8567
1440 38.3966 44.3201 44.8253
11464 39.0839 44.4753 44.9618
664 38.7932 44.3579 44.9800
1368 38.7098 44.3692 44.9300
1064 38.5485 44.3675 44.8964
9504 39.0655 44.4321 44.9163
648 38.7491 44.3953 44.9813
1536 38.6758 44.4099 45.0154
1200 38.4999 44.4163 44.8812
9072 39.0005 44.4667 45.0250
816 38.7757 44.4748 44.9554
1584 38.7296 44.4439 44.9068
1184 38.6634 44.4681 45.0229
8968 39.0155 44.4795 45.0658
1024 38.8335 44.4790 45.0693
2000 38.6772 44.4442 45.0252
1408 38.6824 44.4498 45.0532
9552 39.1048 44.4727 45.0895
1000 38.8158 44.4949 45.0860
2008 38.7198 44.4460 45.0365
1704 38.7138 44.4236 44.9775
8992 39.0660 44.5011 45.1581
1128 38.7807 44.4955 45.0768
2184 38.6315 44.4136 45.0647
1448 38.5546 44.4692 44.9584
10128 39.0351 44.4695 45.0467
1216 38.7113 44.5114 45.0572
2568 38.5674 44.4385 45.0149
1752 38.4633 44.4719 44.9741
11536 39.0284 44.4817 45.1684
976 38.6521 44.4651 45.0719
2320 38.5671 44.4381 45.0645
1328 38.4461 44.3585 44.9754
11032 38.9971 44.3993 45.0822
1016 38.6870 44.3305 44.9856
2360 38.5096 44.3080 44.9417
1496 38.4998 44.3238 44.9534
12352 38.9658 44.3790 44.9600
1064 38.6528 44.3643 44.8626
2208 38.5684 44.4091 44.9942
1504 38.5180 44.3608 44.9225
10760 38.9961 44.4572 45.0156
1328 38.6359 44.3609 44.9532
2112 38.5138 44.3683 44.9663
2008 38.4733 44.4110 44.8804
11696 38.9279 44.4978 45.0243
1480 38.5282 44.4506 44.9279
2976 38.4391 44.4360 45.0079
2064 38.3739 44.4025 44.9109
12912 39.0258 44.5439 45.1401
1568 38.5942 44.4485 45.0198
2744 38.4419 44.4806 45.0345
2048 38.4120 44.4397 45.0675
12200 39.0404 44.5760 45.1400
1544 38.6071 44.5363 45.0646
2456 38.4511 44.4979 45.0573
1800 38.4401 44.4699 45.0048
11728 39.0169 44.5817 45.0660
1128 38.6710 44.5317 45.0107
2168 38.4246 44.4491 44.9635
1552 38.4015 44.4620 44.9093
9752 38.9950 44.5154 45.0048
584 38.7341 44.5270 44.9520
1304 38.4661 44.4652 44.9416
800 38.5544 44.5385 44.9378
8000 39.0457 44.5586 45.0810
800 38.7312 44.5868 45.0870
1792 38.5382 44.5256 44.9313
1288 38.6376 44.5694 45.0141
7312 39.0472 44.5173 44.9862
760 38.6866 44.5461 44.9410
2016 38.5072 44.4517 44.9511
1256 38.6111 44.5098 44.9477
7760 39.0816 44.5123 45.0982
968 38.7755 44.5323 45.0326
1912 38.6698 44.4887 45.0326
1200 38.6779 44.4689 44.9985
7456 39.0921 44.5059 44.9954
832 38.8057 44.4786 44.9797
1360 38.6752 44.4391 44.8716
1032 38.7870 44.5039 44.9468
6808 39.0907 44.5183 44.9965
720 38.8574 44.5624 45.1037
1152 38.6104 44.4918 44.9498
1144 38.8037 44.5166 45.0572
6088 39.0390 44.5555 45.0038
584 38.8421 44.5718 45.0967
1120 38.7094 44.5187 45.0475
832 38.7579 44.5108 45.0403
6648 39.0599 44.5726 45.1600
536 38.8541 44.5790 45.0812
1080 38.7077 44.5522 45.0264
992 38.7794 44.5372 45.0299
6704 39.0252 44.5466 45.1434
528 38.7820 44.5694 45.1540
1320 38.6725 44.5208 45.1155
1296 38.7096 44.5450 45.0721
7992 38.9959 44.5622 45.1041
1016 38.6823 44.5546 45.0491
1888 38.5916 44.5082 45.0855
1464 38.5654 44.5124 45.0853
9416 38.9438 44.5264 45.1327
816 38.6806 44.5205 45.0833
1392 38.5662 44.4939 45.0652
1000 38.6414 44.5153 45.0106
8736 38.9542 44.5571 44.9689
744 38.7851 44.4957 45.0914
1256 38.6749 44.4670 44.9412
984 38.6636 44.4923 45.0441
7320 39.0063 44.5590 45.0894
584 38.7760 44.5001 44.9897
1152 38.6432 44.5245 45.0215
880 38.6543 44.4741 44.9496
7520 38.9892 44.5022 45.0702
512 38.7657 44.5398 44.9294
1352 38.6240 44.5225 45.0357
864 38.6282 44.4896 44.8979
6728 38.9806 44.5658 45.0881
328 38.7933 44.5227 44.9653
928 38.6878 44.5399 45.0540
752 38.5784 44.5250 45.0200
7208 39.0156 44.5714 45.0447
368 38.8605 44.5158 45.0758
696 38.8420 44.5276 44.9589
616 38.7083 44.5134 45.0556
5336 39.0209 44.5511 44.9756
352 38.8772 44.5289 44.9744
824 38.8067 44.5450 44.9047
448 38.7322 44.5281 45.0005
4032 39.0207 44.5846 44.9391
328 38.9032 44.5472 44.9844
712 38.8602 44.5834 44.9342
712 38.7560 44.5823 44.9565
4992 39.0044 44.5835 45.0252
416 38.8229 44.5781 44.9469
928 38.8335 44.5851 44.9827
784 38.7275 44.5664 45.0556
5608 39.0540 44.5855 45.0162
328 38.9075 44.5819 45.0066
744 38.8554 44.5857 45.0623
624 38.7504 44.5698 44.9903
5216 39.0832 44.5883 45.0237
312 38.9275 44.5633 44.9922
648 38.9137 44.5644 45.0382
392 38.8489 44.5326 44.9540
3984 39.0669 44.5569 45.0205
360 38.8797 44.5796 44.9417
720 38.8677 44.5327 44.9886
984 38.7845 44.5104 44.9802
5008 39.0677 44.5775 44.9763
528 38.9293 44.5289 44.9913
1128 38.8509 44.5542 44.9613
760 38.7235 44.5138 44.9655
6168 39.0932 44.5626 45.0384
448 38.8860 44.5137 44.9251
976 38.8143 44.5366 45.0107
1136 38.6992 44.4847 44.8614
6912 39.0873 44.5357 45.0109
568 38.8558 44.5504 44.9807
848 38.8116 44.5246 44.9887
1272 38.7318 44.4847 44.9859
7680 39.0900 44.5419 44.9342
1136 38.7756 44.4966 44.9064
2272 38.7209 44.4747 44.8790
1320 38.4538 44.4268 44.8833
9328 39.0881 44.5389 44.9466
832 38.8036 44.5327 44.9364
1712 38.7212 44.4885 44.8754
1120 38.5949 44.4538 44.9571
7544 39.0524 44.5201 45.0287
536 38.8519 44.4392 45.0287
944 38.8206 44.4548 44.9623
520 38.7254 44.4331 44.9436
5448 39.0663 44.5136 44.9947
360 38.8807 44.4511 44.9946
912 38.8592 44.4668 45.0406
816 38.7746 44.4718 44.9607
4840 39.0656 44.4916 44.9408
608 38.8883 44.4595 44.9263
1448 38.8910 44.5034 44.9243
1048 38.7181 44.4730 45.0204
6152 39.1172 44.5596 45.0235
696 38.8889 44.5675 45.0204
1512 38.8350 44.5588 44.9644
1056 38.7195 44.5689 45.0133
6288 39.1401 44.6259 45.1240
392 38.9726 44.5680 45.1114
1000 38.9380 44.6063 45.0972
816 38.8037 44.6178 45.0853
5776 39.1056 44.6042 45.1542
456 38.9485 44.5834 45.1239
728 38.8883 44.6218 45.1486
760 38.7794 44.6069 45.1213
6112 39.0856 44.5596 45.1272
744 38.8497 44.6360 45.0002
1576 38.8267 44.5530 45.0318
744 38.6935 44.5310 44.9903
6072 39.0863 44.5588 45.1391
496 38.9439 44.5501 45.1452
960 38.8655 44.5920 45.1003
816 38.7525 44.5940 45.0618
5360 39.1235 44.6089 45.1942
624 38.9078 44.5633 45.1207
1176 38.8407 44.5872 45.1483
1296 38.7347 44.5750 45.0652
6712 39.0824 44.5286 45.0956
808 38.8533 44.5784 45.0792
1312 38.8038 44.6014 45.0513
896 38.6019 44.5604 45.0591
7624 39.1262 44.5812 45.1552
768 38.9204 44.5735 45.0334
1384 38.8099 44.5614 45.0943
856 38.6671 44.5814 45.0791
6552 39.1092 44.5664 45.0949
504 38.9145 44.5528 45.1378
912 38.8661 44.4982 45.1182
688 38.7176 44.4639 45.0984
6120 39.1087 44.5173 45.2108
472 38.9151 44.5138 45.1347
928 38.8959 44.5099 45.0744
1128 38.7827 44.5515 45.1076
5848 39.1001 44.5273 45.0788
592 38.8938 44.5401 45.0404
1128 38.8283 44.5455 45.0815
952 38.7094 44.5323 45.0813
5928 39.0818 44.5317 45.1637
544 38.8781 44.5770 45.1421
632 38.8300 44.5782 45.1049
600 38.7457 44.5617 45.0588
5520 39.0816 44.6055 45.0889
512 38.9074 44.5310 45.1073
744 38.8761 44.5872 45.0531
656 38.7962 44.5514 45.1170
4096 39.0709 44.5695 45.0622
320 38.9915 44.5375 45.0743
768 38.9485 44.5183 45.0832
736 38.8494 44.5028 45.0630
4776 39.1121 44.5212 45.0963
424 38.9241 44.5046 45.0208
976 38.9036 44.5037 45.0606
608 38.7568 44.4866 45.0221
5456 39.1133 44.5423 45.0996
376 38.9593 44.5391 45.0111
760 38.9450 44.5561 45.0574
616 38.8214 44.4998 45.0038
4576 39.0906 44.4833 44.9918
456 38.9594 44.5076 44.9504
792 38.9446 44.4971 44.9453
672 38.8944 44.4836 44.9905
4560 39.1327 44.5148 45.0118
432 39.0332 44.5077 44.9828
776 39.0131 44.5278 44.9821
648 38.9054 44.5223 44.9831
3880 39.1415 44.5369 45.0084
712 38.9988 44.5386 44.9731
1448 38.9425 44.5235 45.0659
1104 38.8037 44.4955 44.9823
6864 39.1328 44.5281 44.9785
720 38.9133 44.4650 44.9938
1216 38.8439 44.4357 44.9722
1024 38.7216 44.4189 44.9524
6960 39.1457 44.5041 44.9897
736 38.9326 44.5192 45.0509
1384 38.8655 44.4948 45.0502
928 38.7576 44.4727 45.0098
6280 39.1423 44.5134 45.0458
832 38.9632 44.4530 45.0512
1768 38.8501 44.3526 44.9353
1688 38.6622 44.3520 44.9040
8760 39.1084 44.4457 44.9732
1456 38.8279 44.3414 44.8535
2192 38.7430 44.4080 44.8224
1832 38.6281 44.3660 44.8632
8936 39.1051 44.4510 44.9000
976 38.7965 44.3926 44.8894
2008 38.7615 44.3775 44.8564
1864 38.5652 44.3346 44.7620
9824 39.1040 44.3927 44.8798
1792 38.7523 44.2666 44.7774
2736 38.7140 44.3820 44.8830
2296 38.5246 44.2882 44.6876
10496 39.0988 44.4077 44.9006
1760 38.7411 44.3983 44.9053
2960 38.7122 44.3872 44.8273
2328 38.4525 44.3029 44.7953
11880 39.1239 44.3714 44.8416
1440 38.7011 44.2982 44.7982
3040 38.6346 44.2236 44.6043
2120 38.3293 44.2021 44.6675
12344 39.1064 44.3742 44.9251
1376 38.7851 44.3483 44.8785
2160 38.7425 44.3286 44.8272
1256 38.5884 44.3116 44.7799
8280 39.1044 44.4711 45.0020
680 38.9054 44.4546 45.0277
1336 38.8699 44.4335 45.0243
1040 38.6973 44.4521 44.9831
7232 39.1237 44.5164 45.0444
552 38.8814 44.4489 44.9976
1576 38.8625 44.4724 45.0238
800 38.6355 44.4001 45.0072
7392 39.1017 44.4888 45.0425
640 38.8605 44.4916 44.9784
1208 38.8107 44.4202 44.9853
968 38.7012 44.4686 45.0143
6840 39.1390 44.4782 44.9483
704 38.8831 44.4875 45.0749
1648 38.8399 44.4785 44.9395
1232 38.6623 44.4333 44.9362
8328 39.1835 44.5012 44.8378
1248 38.9053 44.4775 45.0030
2152 38.8363 44.4609 45.0228
1880 38.6445 44.4424 44.9536
9528 39.2236 44.4950 45.0161
1288 38.8747 44.4674 44.9834
2192 38.8230 44.4675 44.9387
1272 38.6196 44.4633 44.9215
7832 39.1471 44.4666 44.9876
688 38.9138 44.4767 45.0868
1424 38.8604 44.4303 44.9945
1160 38.6796 44.4379 44.9619
7584 39.1349 44.4721 45.0330
912 38.8899 44.4380 44.9218
1464 38.8259 44.4470 44.9806
1016 38.6732 44.4639 44.8851
6520 39.0991 44.4704 44.9783
600 38.8779 44.4661 44.9676
1144 38.8579 44.4761 44.9958
976 38.7294 44.4452 44.9452
6544 39.1140 44.5049 45.0390
480 38.9592 44.4911 44.9860
776 38.9148 44.4576 45.0153
560 38.8138 44.4815 45.0848
4816 39.1303 44.4754 45.0079
328 38.9738 44.4913 45.0488
656 38.9379 44.4423 45.0594
656 38.8743 44.4761 44.9169
3984 39.1205 44.4906 45.0188
272 38.9443 44.4998 45.0503
896 38.9291 44.4875 45.0254
784 38.8218 44.4476 45.0167
5176 39.1308 44.4906 45.0344
272 38.9992 44.4752 45.0831
488 38.9812 44.4852 45.0840
464 38.9156 44.5406 45.0685
3928 39.1346 44.4935 45.0103
336 39.0020 44.4900 45.0214
1304 38.9617 44.5443 45.0722
1072 38.8315 44.4475 44.9835
6272 39.1124 44.5502 45.0254
568 38.8878 44.4715 44.9829
1496 38.8275 44.4362 45.0791
1008 38.6380 44.3913 45.0119
7560 39.1114 44.4725 45.0209
640 38.9061 44.4092 44.9667
1328 38.8267 44.4516 44.9817
856 38.6939 44.3845 44.9888
8320 39.1454 44.4017 44.9923
648 38.8727 44.3833 45.0047
1368 38.7880 44.4017 45.0251
1072 38.5832 44.3225 44.9103
8928 39.0899 44.4934 45.0193
592 38.8523 44.4142 45.0201
1352 38.7150 44.4656 44.9803
1408 38.5613 44.3838 44.8985
9216 39.0903 44.4808 45.0807
528 38.8477 44.4300 44.9544
896 38.8166 44.4415 45.0313
648 38.6887 44.4501 44.9618
6752 39.1328 44.5136 45.0082
488 38.9375 44.4865 44.9639
1016 38.8789 44.5139 44.9445
696 38.6988 44.4551 44.9362