117288 40.1418 44.9444 45.6196
17880 39.7084 44.7837 45.3932
2520 39.5582 44.8908 45.5402
1352 39.6648 44.9438 45.6543
208 39.7201 44.8851 45.5424
280 39.6380 44.9104 45.5486
952 39.5071 44.9064 45.4468
320 39.5062 44.8452 45.5503
248 39.6332 44.7809 45.4725
18248 39.7001 44.7655 45.3226
3000 39.4083 44.8146 45.4107
1360 39.4497 44.8475 45.4459
248 39.4333 44.8033 45.4214
264 39.4745 44.8153 45.4430
1216 39.4557 44.7937 45.3160
280 39.3629 44.7883 45.3076
352 39.5490 44.8022 45.3195
18328 39.6719 44.8022 45.4370
2592 39.4860 44.9001 45.4593
1128 39.4894 44.8444 45.3785
280 39.5044 44.7826 45.4102
264 39.5350 44.8339 45.4502
1048 39.4264 44.8440 45.4571
312 39.3442 44.8169 45.4322
312 39.5693 44.8321 45.3860
120288 40.1672 45.0055 45.4345
2656 40.1145 45.3960 46.0357
1304 39.8716 45.3222 45.8279
424 39.8155 45.2360 45.7472
240 40.0888 45.3853 45.8984
1256 40.0757 45.4603 45.9288
288 39.9631 45.5067 45.9867
240 40.1466 45.2950 45.6755
18192 39.7941 44.8818 45.3852
2896 39.7299 44.8972 45.4932
1400 39.4761 44.9986 45.4719
368 39.5161 44.9102 45.3609
312 39.6052 44.9293 45.4055
1464 39.4169 44.9649 45.4908
344 39.5285 44.9429 45.4224
256 39.4887 44.9434 45.4165
21896 39.7928 44.8698 45.3778
3392 39.4959 44.8765 45.4090
1560 39.2268 44.9396 45.4156
320 39.3748 44.9561 45.3981
360 39.4180 44.9295 45.3787
1456 39.1371 44.9056 45.3955
360 39.1572 44.8932 45.4589
360 39.4334 44.8912 45.4129
19104 39.7815 44.8065 45.4357
3152 39.5776 44.9356 45.3845
1768 39.3722 44.8553 45.4250
416 39.3933 44.9705 45.3787
400 39.4924 44.9273 45.4332
1360 39.5065 44.8911 45.4685
432 39.4034 44.8952 45.4220
464 39.4798 44.8541 45.4254
119312 40.0069 44.9459 45.4323
3824 39.9947 45.4705 45.9783
1840 39.9001 45.3739 45.9429
424 39.6969 45.1417 45.7853
440 39.8183 45.3791 45.9783
1488 40.0227 45.4719 45.8899
376 39.7808 45.4038 46.0138
440 39.8527 45.2762 45.6947
16576 39.6979 44.8826 45.4557
2656 39.5063 44.9310 45.4744
1296 39.5165 44.9676 45.4929
336 39.4593 44.9037 45.4191
264 39.3942 44.9539 45.5057
808 39.4965 44.9308 45.5120
208 39.4076 44.8977 45.5276
152 39.5495 44.9094 45.4571
13992 39.7355 44.9434 45.5061
1944 39.5332 44.9259 45.5295
856 39.5590 44.9332 45.4789
152 39.5656 44.9212 45.4922
248 39.4747 44.9082 45.5044
896 39.5296 44.9604 45.5361
264 39.4187 44.9612 45.5268
200 39.5062 44.9335 45.4931
17568 39.7104 44.8782 45.4249
3320 39.5354 44.9655 45.5069
1128 39.4736 44.9973 45.5483
248 39.5049 44.9684 45.4652
320 39.4268 44.9560 45.4978
1896 39.4266 44.9283 45.5107
312 39.3850 44.9831 45.4965
352 39.4645 44.9398 45.4581
119640 39.9682 44.9224 45.4394
3728 39.7775 45.3551 45.9881
1584 39.8985 45.4233 45.9526
384 39.7639 45.2602 45.7504
432 39.7140 45.4487 46.0124
1976 39.8789 45.4234 46.0604
448 39.7641 45.4460 46.0293
416 39.6714 45.2003 45.8136
19760 39.6804 44.8222 45.5210
3064 39.5269 44.8755 45.5415
1752 39.4982 44.9260 45.5548
456 39.5051 44.8569 45.4646
376 39.3752 44.8909 45.5847
1224 39.4871 44.9134 45.5902
336 39.3491 44.8636 45.5390
272 39.4604 44.8676 45.5618
15304 39.7647 44.8363 45.3662
2376 39.4677 44.8006 45.4736
1336 39.5156 44.8596 45.5054
200 39.4875 44.8341 45.5584
256 39.3640 44.8497 45.4933
1288 39.4984 44.8584 45.4318
240 39.4037 44.8278 45.4291
352 39.4370 44.8076 45.4737
16400 39.9080 44.9288 45.5428
3664 39.5861 44.9104 45.4114
1568 39.4952 44.8971 45.4147
384 39.4194 44.8430 45.4276
320 39.4155 44.8724 45.4197
1248 39.6432 44.9215 45.4822
232 39.4656 44.9267 45.4505
256 39.7064 44.9612 45.5154
120808 40.1011 45.0275 45.5174
2096 40.3503 45.5130 46.0020
1144 40.2097 45.6155 46.0832
200 40.0312 45.3740 45.7945
240 40.1602 45.6161 46.0756
816 40.3769 45.5149 46.0321
176 40.3056 45.4750 45.9654
192 40.1448 45.1949 45.6633
9832 39.8421 44.9190 45.3369
1152 39.8161 45.0126 45.4504
576 39.8386 45.0348 45.4957
176 39.7731 44.9452 45.3663
120 39.7254 44.9375 45.3921
536 39.7662 44.9713 45.4159
128 39.7236 44.9595 45.4134
152 39.7389 44.9221 45.3190
10288 39.8674 44.8996 45.3525
968 39.7254 44.8842 45.3736
552 39.7219 44.8905 45.3468
168 39.7249 44.9206 45.3969
120 39.6568 44.8876 45.4546
472 39.7883 44.9431 45.4493
128 39.7024 44.9431 45.4473
120 39.7621 44.9569 45.4040
11864 39.8836 44.9798 45.3937
1176 39.7728 44.9899 45.4492
456 39.7724 44.9153 45.4185
136 39.7701 44.9557 45.3933
128 39.7110 44.9621 45.4239
344 39.7678 44.9498 45.4555
136 39.7297 44.9797 45.5038
128 39.7622 44.9422 45.3949
120544 40.0474 44.9174 45.3551
1888 40.2550 45.4773 46.0192
704 40.2576 45.4759 45.9487
152 40.1396 45.2851 45.6990
208 40.2377 45.5381 45.8678
888 40.2154 45.5097 46.0142
248 40.1730 45.4707 45.9050
240 40.0490 45.1916 45.6595
15808 39.7992 44.8500 45.3664
2584 39.6504 44.9305 45.4487
1168 39.7458 44.9410 45.4548
208 39.6865 44.8716 45.3396
184 39.5421 44.8679 45.4279
624 39.6846 44.8914 45.4399
152 39.5724 44.8768 45.4154
184 39.6784 44.8464 45.3754
16464 39.7381 44.8459 45.4327
2328 39.6588 44.9035 45.4683
760 39.6126 44.9080 45.4780
224 39.6320 44.8745 45.3957
280 39.5388 44.8538 45.4110
1040 39.5720 44.8581 45.4657
312 39.5470 44.8195 45.4614
336 39.5230 44.8288 45.4677
16984 39.8184 44.8911 45.3364
2384 39.5688 44.9523 45.4593
1096 39.5866 44.9331 45.4667
288 39.5548 44.8596 45.4256
280 39.4858 44.9221 45.4740
824 39.5508 44.9325 45.3940
264 39.4980 44.9475 45.3660
184 39.6177 44.8899 45.3285
119072 40.0218 44.9622 45.4550
2896 40.1234 45.6210 46.0856
808 40.0231 45.3369 45.9097
200 39.9192 45.2012 45.5915
224 39.9787 45.4539 45.8838
1504 40.0340 45.5893 45.9794
264 39.9482 45.5148 45.9950
320 39.8797 45.2689 45.8322
24024 39.7074 44.8149 45.3364
3680 39.4782 44.9236 45.4201
1344 39.4633 45.0311 45.5181
400 39.4418 44.9147 45.4664
400 39.3616 44.9244 45.4728
1264 39.4886 44.8958 45.3863
336 39.3563 44.8937 45.4318
320 39.4921 44.8494 45.3525
23912 39.6884 44.8011 45.4360
3760 39.4007 44.8577 45.4303
1096 39.3759 44.8570 45.4393
368 39.4562 44.8378 45.4016
336 39.2692 44.9271 45.3996
1456 39.3995 44.8789 45.4580
392 39.3375 44.8694 45.4933
464 39.4602 44.8806 45.5366
26448 39.6875 44.8943 45.4832
4768 39.3685 44.8373 45.4606
1840 39.3873 44.8660 45.5176
456 39.3891 44.8579 45.4826
464 39.2685 44.8454 45.4754
1960 39.3341 44.8303 45.5001
528 39.2170 44.8624 45.4993
520 39.4091 44.8822 45.4193
120856 39.9664 45.0025 45.3917
4520 39.7913 45.5341 45.9641
1832 39.6961 45.5419 45.9768
600 39.6215 45.3564 45.8112
384 39.5929 45.5379 45.9670
1728 39.8323 45.4933 45.9677
408 39.6511 45.5028 45.9676
432 39.8288 45.3474 45.7446
17984 39.6401 44.8714 45.2708
2592 39.4854 44.9440 45.3638
1136 39.5121 45.0036 45.4242
288 39.5159 44.9643 45.3337
312 39.3475 44.9617 45.3290
968 39.4475 44.9282 45.3400
224 39.4145 44.9261 45.3610
232 39.4766 44.9183 45.3000
16368 39.6654 45.0091 45.4022
2576 39.3870 44.9092 45.3154
1104 39.4089 44.9007 45.4119
264 39.4040 44.8726 45.3519
240 39.2865 44.9264 45.3121
1080 39.4784 44.9904 45.3016
192 39.3354 44.9659 45.3037
224 39.5588 45.0193 45.3447
16480 39.6987 44.9848 45.4211
2720 39.5382 44.9978 45.4069
1256 39.4587 45.0277 45.4093
264 39.4920 45.0823 45.4335
296 39.5916 45.0881 45.4537
1336 39.4598 45.0153 45.4104
328 39.4633 45.0576 45.4336
320 39.6399 45.0402 45.3956
120432 39.9600 44.8579 45.5109
3456 39.9649 45.5170 45.9704
1368 39.7156 45.4115 45.9054
384 39.8088 45.3505 45.7761
256 39.9019 45.5145 45.9036
1592 39.7680 45.5226 46.0728
328 39.8245 45.5465 46.0813
384 39.9125 45.3816 45.9453
18832 39.5922 44.7102 45.2428
3024 39.4108 44.7744 45.4825
1264 39.2231 44.8568 45.5247
320 39.3332 44.8380 45.4801
352 39.3273 44.7570 45.4371
1448 39.0977 44.7512 45.3459
296 39.2308 44.7439 45.3975
288 39.4349 44.7312 45.2934
20064 39.6144 44.7973 45.3489
3632 39.4026 44.7706 45.3114
1416 39.2387 44.7868 45.3640
272 39.3593 44.7470 45.2204
392 39.3651 44.7834 45.3185
1920 39.1973 44.7149 45.3064
432 39.2037 44.7411 45.2732
528 39.3649 44.8061 45.3143
24992 39.6956 44.9083 45.4498
4136 39.4304 44.8713 45.4520
2112 39.1476 44.8332 45.4592
512 39.2628 44.8146 45.3762
472 39.3174 44.8386 45.4266
2128 39.1715 44.9214 45.4263
480 39.1630 44.8595 45.4343
408 39.3680 44.9071 45.4832
123240 39.9315 44.9166 45.5060
3336 39.9162 45.6074 46.0495
1824 39.7560 45.4908 45.9718
528 39.7412 45.3259 45.8276
312 39.8105 45.5676 45.9955
1216 39.7914 45.4524 45.9077
336 39.8721 45.5776 45.9709
144 39.7326 45.2124 45.6163
13520 39.6582 44.8428 45.4125
1968 39.5685 44.9261 45.6016
920 39.5035 44.9527 45.5636
144 39.5491 44.8914 45.4585
144 39.5548 44.9624 45.5088
936 39.4709 44.9268 45.4711
152 39.5366 44.9403 45.5564
224 39.5816 44.9286 45.5078
13488 39.7057 44.8659 45.4364
2272 39.5531 44.9141 45.5408
1192 39.4770 44.9022 45.4868
248 39.5643 44.9194 45.4605
344 39.5377 44.9665 45.5231
936 39.5340 44.9136 45.4944
336 39.4979 44.9303 45.5215
320 39.6146 44.9129 45.5358
13776 39.6389 44.9535 45.5384
1768 39.5596 44.9304 45.5300
776 39.5224 44.9296 45.4268
224 39.5351 44.9148 45.5210
312 39.6008 44.9483 45.5438
784 39.4796 44.9397 45.5014
192 39.5056 44.9784 45.6099
208 39.6800 44.9522 45.6193
123152 39.9612 44.9103 45.5669
1544 40.2052 45.6202 46.2093
640 39.9239 45.4809 46.0385
152 39.8899 45.2215 45.8332
176 40.1786 45.4824 46.0170
832 40.0005 45.5071 46.0131
168 40.0670 45.5571 46.0673
216 40.0194 45.3114 45.7949
15680 39.6370 44.8174 45.5542
2584 39.5321 44.8578 45.5745
792 39.3618 44.8609 45.6060
144 39.4537 44.8280 45.5581
272 39.4753 44.8185 45.5414
880 39.3535 44.8697 45.6074
184 39.3447 44.8660 45.5199
224 39.5567 44.8449 45.5634
13904 39.7179 44.7851 45.5287
1736 39.5162 44.8444 45.4625
1040 39.3057 44.8228 45.5755
136 39.3712 44.7844 45.5127
176 39.5196 44.8461 45.5080
544 39.4431 44.7954 45.4424
128 39.4620 44.8399 45.5662
136 39.6529 44.8274 45.5126
12872 39.6794 44.8470 45.5537
1448 39.5819 44.7963 45.5583
568 39.4274 44.8050 45.5103
136 39.5541 44.8017 45.4666
120 39.5702 44.8377 45.4714
664 39.3332 44.8380 45.5744
152 39.4743 44.8425 45.4506
136 39.5883 44.8348 45.4595
124112 39.9595 44.9734 45.4598
1088 40.2845 45.5832 46.1581
552 40.1823 45.3541 46.0516
200 40.0205 45.1590 45.7596
120 40.2003 45.4522 46.0643
488 40.2812 45.3885 45.9049
120 40.1947 45.3736 46.0436
120 40.0646 45.1829 45.7933
8256 39.7202 44.9748 45.4650
944 39.7442 44.9406 45.4615
448 39.7234 44.9291 45.4570
120 39.6872 44.8695 45.4315
120 39.6632 44.9059 45.4989
352 39.6987 44.9966 45.4542
120 39.6461 44.9110 45.4973
120 39.6747 44.9460 45.4396
9480 39.8189 44.9997 45.4832
1088 39.6413 45.0275 45.5029
368 39.6731 44.9548 45.4563
120 39.6282 44.9597 45.4261
120 39.5781 45.0083 45.5365
400 39.6582 45.0579 45.5602
120 39.6373 44.9924 45.4765
120 39.7061 44.9609 45.4812
8224 39.7576 44.9763 45.4540
848 39.7090 45.0007 45.5142
328 39.6788 45.0222 45.5144
120 39.7006 44.9489 45.4756
120 39.6588 44.9332 45.4236
384 39.6644 44.9443 45.4946
120 39.6065 44.9141 45.4111
128 39.6179 44.9253 45.4673
122704 39.9180 44.8715 45.4711
1456 40.2073 45.5653 46.0557
640 40.1193 45.5052 45.9527
168 40.0100 45.2678 45.7308
160 40.0907 45.5469 45.9677
680 40.1329 45.5730 45.9838
168 40.0732 45.5217 45.9158
200 39.8860 45.3356 45.6797
15976 39.6889 44.8447 45.4338
2520 39.4955 44.9195 45.4443
640 39.6155 44.8998 45.5075
128 39.5451 44.8323 45.4492
184 39.4725 44.8310 45.4950
1104 39.4840 44.8644 45.4586
304 39.3655 44.8575 45.4446
256 39.4430 44.8300 45.4412
11904 39.7590 44.8650 45.4514
1648 39.5224 44.8917 45.5281
904 39.4497 44.8849 45.4443
192 39.4331 44.8816 45.4401
152 39.4706 44.8663 45.5023
560 39.6251 44.8796 45.5003
120 39.5084 44.8492 45.5114
120 39.6108 44.8735 45.4603
8024 39.7278 44.8790 45.4556
2048 39.5573 44.8516 45.4118
448 39.5258 44.8239 45.4781
120 39.5651 44.8609 45.4364
120 39.4640 44.8517 45.4187
632 39.5528 44.8713 45.4169
144 39.4394 44.8510 45.3996
144 39.5414 44.8802 45.4771
121680 39.9552 44.9039 45.5049
1688 40.1519 45.6101 46.1604
736 40.0263 45.4442 45.8971
168 39.8751 45.2988 45.7569
128 39.9852 45.5378 46.0138
688 40.2492 45.4948 46.0582
120 40.1574 45.4758 46.0665
128 40.0309 45.2502 45.8135
11920 39.7222 44.7834 45.4995
1664 39.6603 44.8246 45.5530
792 39.7186 44.9293 45.5787
136 39.6275 44.8306 45.4884
216 39.5914 44.8899 45.5501
672 39.6123 44.8052 45.5021
224 39.5742 44.9002 45.4484
152 39.5535 44.8507 45.4628
10216 39.7333 44.7544 45.4480
1824 39.5750 44.8809 45.5517
536 39.6166 44.8615 45.5195
144 39.6284 44.8253 45.5322
120 39.5273 44.8635 45.4813
904 39.5240 44.8667 45.5489
128 39.4561 44.8232 45.5293
208 39.5409 44.8201 45.4687
11744 39.7563 44.8578 45.5142
1664 39.5652 44.8564 45.5846
664 39.5659 44.8751 45.5084
176 39.5790 44.8400 45.4940
176 39.4860 44.8407 45.5175
520 39.5542 44.8371 45.5378
160 39.5208 44.8563 45.4841
136 39.6182 44.8328 45.5330
123072 39.9480 44.8849 45.4397
1552 40.1977 45.5087 46.2037
496 40.0843 45.4116 46.0730
128 39.9633 45.1533 45.8695
128 40.1175 45.3707 46.1013
600 40.1590 45.4044 45.9454
128 40.1210 45.4535 46.0588
176 39.9849 45.2499 45.7359
9912 39.7233 44.8775 45.4533
1368 39.6736 44.8714 45.5016
792 39.7163 44.9085 45.4732
192 39.6580 44.8415 45.3585
264 39.5697 44.8785 45.4189
632 39.6283 44.8758 45.4814
216 39.5445 44.8933 45.4754
144 39.6354 44.8654 45.4254
7704 39.7582 44.8423 45.5020
1240 39.6243 44.8450 45.4839
408 39.6027 44.8620 45.4583
120 39.6142 44.8548 45.4522
120 39.5710 44.8449 45.4946
512 39.6545 44.8342 45.5041
152 39.6011 44.8522 45.4834
152 39.6601 44.8464 45.4701
8000 39.7016 44.8303 45.4720
1152 39.6328 44.8863 45.5687
424 39.6530 44.8789 45.5413
152 39.6269 44.8459 45.5130
128 39.5805 44.8335 45.5174
360 39.5727 44.8814 45.5209
176 39.5645 44.8626 45.5058
160 39.5236 44.8227 45.4845
122928 39.9624 44.8679 45.4617
1664 40.2725 45.5655 46.0241
728 40.1330 45.4569 45.9176
208 39.9279 45.2133 45.7070
208 40.0885 45.4568 45.9733
616 40.3379 45.5282 45.9607
152 40.2224 45.4905 45.9547
160 40.0910 45.2189 45.6949
13192 39.7405 44.7898 45.4253
2240 39.5878 44.8563 45.4486
984 39.7044 44.8954 45.5066
144 39.6803 44.8339 45.3905
152 39.5676 44.8395 45.4081
792 39.5551 44.8053 45.4461
256 39.4805 44.8262 45.4529
144 39.6068 44.8332 45.4549
13440 39.7325 44.7549 45.3651
2136 39.6170 44.8267 45.5028
712 39.6179 44.8507 45.4974
160 39.6390 44.8497 45.4675
136 39.5723 44.8430 45.4692
1312 39.6069 44.7328 45.4274
360 39.5841 44.8284 45.4518
520 39.5124 44.7640 45.4246
14328 39.6924 44.6811 45.3139
3472 39.4327 44.7320 45.2927
1464 39.4641 44.7544 45.3437
536 39.4251 44.6655 45.3183
432 39.3067 44.7224 45.3799
1712 39.3826 44.6832 45.2946
432 39.2534 44.7080 45.3150
584 39.3003 44.6880 45.2811
125336 39.9425 44.7577 45.3087
4960 39.8890 45.2975 45.7875
2408 39.8104 45.2600 45.8276
624 39.5917 44.8980 45.5367
632 39.7098 45.2253 45.7668
2024 39.9489 45.3369 45.8052
472 39.6839 45.2850 45.8785
480 39.7168 45.0658 45.6659
16504 39.6824 44.7580 45.4067
3880 39.4744 44.7092 45.3237
1872 39.5089 44.7243 45.2871
544 39.4444 44.6873 45.3326
576 39.3209 44.7405 45.3311
1304 39.4667 44.7814 45.3681
512 39.3043 44.7746 45.3776
352 39.4859 44.7992 45.3407
13200 39.6884 44.8488 45.4469
1896 39.5133 44.8481 45.4618
696 39.5185 44.8267 45.4481
152 39.5282 44.8100 45.4294
176 39.4479 44.8200 45.4124
712 39.5624 44.8774 45.4795
160 39.4587 44.8244 45.4388
176 39.5382 44.8057 45.4709
13216 39.7501 44.8637 45.3522
2272 39.5180 44.8982 45.5067
856 39.4822 44.9200 45.5268
184 39.4784 44.9098 45.4715
168 39.4251 44.9581 45.5658
1080 39.5131 44.9011 45.4854
232 39.4208 44.9267 45.5712
232 39.4769 44.8722 45.4840
122480 39.9985 44.9077 45.4785
3440 40.1389 45.5022 46.0685
1488 40.0068 45.3724 45.9929
256 39.7912 45.1662 45.7802
336 39.9482 45.3924 46.0098
1288 40.0748 45.4679 46.0081
272 39.9821 45.4706 46.0372
280 39.9480 45.2668 45.8377
12472 39.6856 44.8314 45.3711
2184 39.6246 44.9072 45.4419
848 39.6883 44.9057 45.5038
248 39.6404 44.8819 45.4968
176 39.5576 44.9075 45.4899
696 39.5762 44.8655 45.4350
200 39.5063 44.8410 45.3778
152 39.5708 44.8824 45.3735
11424 39.8049 44.8802 45.4762
1464 39.6453 44.9079 45.4554
592 39.6603 44.9321 45.4603
176 39.6295 44.8675 45.4410
152 39.5924 44.9053 45.4427
496 39.6642 44.8808 45.4777
136 39.5968 44.8794 45.4527
120 39.6436 44.8873 45.5353
7464 39.7940 44.8752 45.4915
984 39.6905 44.8784 45.5050
304 39.6802 44.8821 45.5294
120 39.6880 44.8819 45.5147
120 39.6098 44.9027 45.4667
336 39.7315 44.8927 45.5290
120 39.6693 44.8947 45.5191
136 39.7450 44.8456 45.5344
122272 39.9646 45.0134 45.4353
1200 40.2678 45.5037 45.9760
432 40.2805 45.3996 46.0172
120 40.1241 45.1169 45.8335
120 40.3130 45.5293 46.0203
992 40.2979 45.6000 46.0270
120 40.2094 45.5214 45.9572
232 40.0989 45.3165 45.7749
13896 39.6900 44.8731 45.4272
2016 39.5554 44.9543 45.4776
752 39.6299 44.9680 45.5306
144 39.6171 44.9276 45.4159
160 39.4700 44.9005 45.4599
552 39.5644 44.9651 45.4867
176 39.5185 44.8903 45.4357
176 39.5672 44.8879 45.4446
17472 39.6928 44.9090 45.4730
2032 39.5163 44.9611 45.4929
736 39.5116 44.9066 45.5581
216 39.5230 44.8941 45.4821
184 39.4370 44.9178 45.4624
472 39.5668 44.9507 45.4756
144 39.4970 44.9127 45.4970
136 39.5473 44.8852 45.4212
2624 39.3804 44.9008 45.3981
624 39.4996 44.8936 45.4678
136 39.4745 44.8884 45.3848
176 39.4229 44.8904 45.3742
1480 39.1997 44.8791 45.3301
128 39.2582 44.8946 45.3586
448 38.9265 44.8694 45.3251