108392 39.8528 44.6451 45.2134
1128 39.3415 44.4791 45.0669
1824 39.2067 44.5405 45.1130
1496 39.0702 44.4761 45.0141
9064 39.4809 44.5770 45.0988
968 39.2078 44.4792 45.0848
1864 39.0720 44.5207 44.9366
1424 38.8909 44.4119 44.9564
9744 39.3997 44.5360 45.0036
1000 39.0986 44.4361 44.9315
2144 38.9920 44.4176 44.8876
1848 38.9069 44.3550 44.8494
11688 39.3467 44.5369 44.9844
1008 39.1259 44.4181 44.8438
1984 38.9940 44.3776 44.8403
1592 38.9373 44.3870 44.8308
8896 39.3283 44.4514 44.9397
1032 39.0343 44.4193 44.9195
1808 38.9292 44.3825 44.8577
1368 38.8424 44.3491 44.8758
9776 39.3009 44.5491 45.0259
880 38.9826 44.4562 44.9399
1544 38.8852 44.4375 44.9305
1168 38.8250 44.4053 44.8242
9352 39.2326 44.4608 44.9801
904 39.0093 44.3993 44.8820
1888 38.9242 44.3935 44.8575
1176 38.8300 44.3637 44.8550
9496 39.2385 44.3753 44.9392
888 38.9629 44.4100 44.9202
1480 38.9355 44.3593 44.8558
1104 38.8603 44.3581 44.8478
9848 39.2806 44.4296 44.8999
952 38.9642 44.3956 44.8556
1816 38.9489 44.4157 44.9068
1440 38.9179 44.3627 44.8358
8128 39.2988 44.3574 44.9231
1056 38.9782 44.3704 44.8266
2304 38.7737 44.3454 44.8303
1720 38.6888 44.3262 44.7765
10896 39.2131 44.3368 44.8719
1024 38.7732 44.3677 44.8134
2000 38.6022 44.3354 44.7746
1264 38.5267 44.3026 44.7381
12040 39.1923 44.3467 44.9041
1272 38.6897 44.3361 44.8860
2320 38.5613 44.3083 44.8507
1816 38.5763 44.2329 44.7989
12248 39.2284 44.3576 44.9084
1296 38.8689 44.3880 44.8358
2240 38.8039 44.2914 44.8207
1608 38.7385 44.2873 44.7670
10296 39.2334 44.4295 44.8990
1176 38.9264 44.3305 44.8428
2096 38.8626 44.3331 44.8013
1544 38.6975 44.2445 44.7222
9896 39.2523 44.4167 44.9538
1400 38.8849 44.3917 44.9145
2344 38.8744 44.3707 44.8550
1744 38.6465 44.3282 44.8478
10704 39.2369 44.4442 44.9402
1280 38.8609 44.3616 44.9113
2624 38.7908 44.3857 44.8194
1720 38.5339 44.3351 44.6882
12152 39.2527 44.4893 44.9176
1144 38.8218 44.4178 44.8002
1872 38.7178 44.4522 44.8887
1224 38.4870 44.4107 44.9165
11400 39.1992 44.5296 44.9520
728 38.9287 44.5088 45.0283
1304 38.8564 44.5088 44.9599
816 38.6774 44.4952 44.9637
8448 39.1896 44.5126 45.0491
536 38.9982 44.5236 45.0032
1032 38.9318 44.4990 45.0009
944 38.8078 44.4650 45.0648
7496 39.1566 44.5569 45.0662
712 38.9519 44.5688 45.0438
1144 38.9212 44.5365 45.0894
864 38.7583 44.5183 45.0255
7096 39.2200 44.5271 45.0912
1008 38.9785 44.5267 44.9162
1992 38.8896 44.5266 45.0273
1640 38.7561 44.4822 44.9616
8656 39.2154 44.5440 45.0660
1344 38.9104 44.5153 44.9816
2656 38.8405 44.4490 44.9660
1920 38.6807 44.4334 44.9026
10368 39.2255 44.5181 45.0864
1224 38.8732 44.5151 45.0081
2296 38.8731 44.5203 44.9871
1904 38.7256 44.4975 44.9258
10424 39.1964 44.5403 44.9862
1288 38.9278 44.5552 45.0242
2200 38.8603 44.5354 45.0319
1656 38.6054 44.5474 44.9511
10936 39.2644 44.6449 45.0822
1312 38.9429 44.5823 45.0035
2384 38.8438 44.5990 45.0933
1648 38.6491 44.5643 45.1374
10976 39.3288 44.6118 45.0973
1096 38.9774 44.5655 45.1490
1944 38.9490 44.5717 45.1645
1152 38.7330 44.5341 45.0990
9912 39.2640 44.6082 45.2310
808 39.0217 44.5142 45.1423
1248 38.9649 44.5216 45.0792
1040 38.8174 44.4748 45.0710
7112 39.2355 44.5553 45.1285
688 39.0114 44.5345 45.0732
1328 38.9970 44.5994 45.1098
1344 38.8279 44.5337 45.1399
8120 39.2927 44.6039 45.0303
1464 38.9646 44.5522 45.0405
2064 38.8548 44.5933 45.0649
1704 38.7255 44.5593 44.9793
8968 39.3171 44.6834 45.0987
1032 39.0533 44.6226 45.0729
1760 39.0431 44.6406 45.1168
1560 38.8839 44.5494 45.0975
9008 39.3727 44.6791 45.2691
1000 39.0898 44.6323 45.2143
1752 39.0152 44.6164 45.2338
1144 38.8257 44.5544 45.1986
7968 39.3626 44.6204 45.1989
528 39.1636 44.5763 45.2050
1184 39.0939 44.5884 45.2328
824 38.9280 44.5357 45.1248
6592 39.3355 44.6218 45.2499
576 39.1529 44.6250 45.1367
912 39.0917 44.6139 45.1987
824 38.9927 44.5280 45.0691
5088 39.3000 44.6540 45.1489
504 39.1389 44.5958 45.1066
1064 39.0650 44.5641 45.1142
1000 38.9641 44.5407 44.9930
6328 39.3108 44.6245 45.0864
416 39.1353 44.5968 45.1410
704 39.0665 44.5319 45.0708
752 38.9587 44.5391 45.1587
6088 39.3053 44.5750 45.1322
440 39.1229 44.6285 45.1502
976 39.0940 44.6192 45.1345
800 38.9481 44.6215 45.0791
5824 39.3027 44.6332 45.0998
520 39.1524 44.6454 45.1111
864 39.0934 44.5988 45.1077
768 38.9400 44.6228 45.1080
5944 39.3086 44.7236 45.1684
528 39.1263 44.6393 45.1901
976 39.0741 44.6566 45.1374
736 38.9233 44.6273 45.0572
7016 39.3312 44.6746 45.0928
472 39.0923 44.6111 45.0745
1112 39.0361 44.5908 45.0659
752 38.9099 44.5819 44.9907
6368 39.2847 44.5666 45.1197
488 39.1033 44.5493 45.0521
944 39.0519 44.5711 45.1116
912 38.9225 44.5239 45.0096
6816 39.2759 44.6263 45.0968
1008 39.0257 44.5960 45.0305
1864 38.9532 44.5825 45.0721
1416 38.7012 44.5400 45.0259
9632 39.3086 44.6661 45.1843
656 39.0440 44.6094 45.1083
1304 38.9798 44.5807 45.1304
1048 38.7990 44.5792 45.0467
8560 39.3458 44.6507 45.1236
536 39.1318 44.6269 45.0604
1168 39.0387 44.6587 45.1586
1072 38.8644 44.6188 45.0230
7856 39.3470 44.6342 45.1296
952 39.0705 44.5780 45.0679
1768 38.9571 44.5566 45.0994
1472 38.7480 44.5584 45.1031
9264 39.2955 44.6553 45.1441
976 39.0542 44.6127 45.0629
1680 38.9744 44.6691 45.0847
1344 38.7492 44.6522 45.0973
9624 39.2922 44.7206 45.1636
848 39.0176 44.7017 44.9981
1416 38.8761 44.6774 45.0514
1152 38.7568 44.6250 44.9326
8568 39.2856 44.6771 45.0919
712 39.0777 44.6845 45.0611
1296 39.0292 44.6362 45.1287
944 38.8097 44.6214 45.0351
8088 39.3242 44.6865 45.1214
1128 39.0283 44.5343 45.0146
1936 38.9286 44.5859 44.9989
1656 38.7491 44.4733 45.0160
9912 39.3378 44.6590 45.0984
1104 38.9211 44.6137 45.0455
2392 38.8379 44.5992 45.0045
1872 38.6025 44.5227 44.9879
12104 39.3591 44.5645 44.9755
1232 38.9576 44.4942 44.9547
2560 38.8279 44.4692 44.8760
1504 38.4743 44.4354 44.8739
13328 39.3173 44.5381 44.9813
992 38.9143 44.4889 44.9688
2136 38.8052 44.4908 44.9652
1800 38.5605 44.5055 44.8726
12288 39.3282 44.5095 44.9738
1344 38.9222 44.4839 45.0064
2624 38.7898 44.4761 44.9328
2288 38.5187 44.4689 45.0045
13232 39.2858 44.5024 44.9955
1688 38.8967 44.4909 44.9599
3200 38.8072 44.4660 44.9876
2128 38.4928 44.3833 44.9108
13776 39.3145 44.5448 45.0442
1760 38.8584 44.4250 44.9988
2816 38.6764 44.3515 44.9402
2248 38.4013 44.3615 44.8270
14360 39.2302 44.5751 45.0416
1608 38.7598 44.4774 44.9793
3096 38.6810 44.4566 44.9438
1944 38.4264 44.3621 44.8839
13360 39.2053 44.5614 45.0174
1192 38.8410 44.4842 45.0054
2584 38.7805 44.4753 45.0186
1760 38.5620 44.4182 44.9273
11560 39.1811 44.4906 44.9887
1120 38.8768 44.4585 44.9279
1776 38.7454 44.4760 44.9301
1248 38.5161 44.3973 44.8502
11616 39.2466 44.5569 45.0358
728 38.9918 44.4254 45.0364
1264 38.8709 44.4596 44.9783
1008 38.6981 44.4363 44.9327
9008 39.1988 44.5162 44.9498
704 38.9127 44.4501 45.0203
1536 38.8473 44.4597 45.0563
1064 38.6603 44.4628 44.9108
8576 39.1293 44.5471 45.0380
776 38.9101 44.5333 44.9494
1424 38.8585 44.5107 44.9290
1184 38.8148 44.4987 44.9613
8768 39.1408 44.5690 45.0856
976 38.9818 44.5557 45.0755
1896 38.8698 44.4881 45.0131
1464 38.8747 44.4866 45.0234
9368 39.2389 44.5992 45.1388
1040 39.0117 44.6093 45.0963
1856 38.8785 44.5383 45.0471
1560 38.8490 44.5493 44.9966
9152 39.1957 44.5841 45.1905
1120 38.9527 44.5637 45.1368
2032 38.8228 44.5091 45.1180
1504 38.7046 44.5291 45.0192
10008 39.1655 44.5767 45.1463
1096 38.8591 44.6030 45.1686
2312 38.7140 44.5431 45.1127
1768 38.6440 44.5518 45.1165
10736 39.1152 44.5402 45.2468
1000 38.8146 44.5278 45.1597
2136 38.7114 44.4720 45.1652
1384 38.6180 44.4280 45.0743
10328 39.1136 44.4724 45.1383
1144 38.8399 44.3785 45.0612
2120 38.6812 44.3864 44.9867
1528 38.6451 44.3646 44.9856
12128 39.1032 44.4455 45.0112
1080 38.8195 44.4251 44.9193
2144 38.7243 44.4720 45.0426
1592 38.6828 44.4040 44.9707
10184 39.1537 44.4942 45.1103
1200 38.7883 44.3932 45.0228
2280 38.6896 44.3952 45.0666
2000 38.6142 44.4070 44.9448
11248 39.0685 44.5453 45.1349
1416 38.6788 44.4595 45.0357
2704 38.5925 44.4459 45.0749
1968 38.5592 44.4105 44.9995
12448 39.1477 44.5732 45.1608
1448 38.7436 44.4579 45.0599
2728 38.6021 44.5302 45.0414
2064 38.5894 44.4862 45.0977
11680 39.1787 44.6041 45.2293
1464 38.7417 44.5694 45.1685
2384 38.6097 44.5392 45.1601
1664 38.5269 44.4927 45.1042
11944 39.1586 44.6006 45.1575
1104 38.8369 44.5521 45.0976
2104 38.6409 44.5002 45.0608
1360 38.5482 44.4798 45.0121
9392 39.1580 44.5460 45.0324
688 38.9384 44.5572 44.9846
1272 38.7200 44.5294 44.9970
1048 38.7730 44.5893 44.9822
6888 39.1695 44.5716 45.1198
752 38.9401 44.5960 45.1042
1584 38.7498 44.5492 44.9570
1368 38.8180 44.5769 45.0297
7544 39.1957 44.5499 44.9924
848 38.9692 44.5725 44.9633
1560 38.7832 44.4773 44.9438
1328 38.8065 44.5336 45.0064
8232 39.2778 44.5386 45.1134
864 39.0362 44.5422 45.0723
1600 38.9222 44.5158 45.0626
1080 38.8486 44.4787 45.0652
7280 39.2641 44.5184 45.0317
784 39.0227 44.4833 45.0546
1424 38.9083 44.4903 44.9344
1176 38.9677 44.5158 45.0158
6216 39.1900 44.5829 45.0364
624 39.0086 44.5953 45.1522
1152 38.8223 44.5543 44.9801
936 38.9255 44.5457 45.0968
6368 39.1273 44.6061 45.0398
576 38.9639 44.5751 45.1046
1240 38.8708 44.5380 45.0900
704 38.8700 44.4914 45.0344
7320 39.1782 44.6267 45.2040
528 39.0030 44.6037 45.1374
944 38.8526 44.5654 45.0827
976 38.8911 44.5433 45.0677
6544 39.1149 44.5690 45.1870
536 38.9165 44.5782 45.1946
1488 38.8201 44.5244 45.1482
1312 38.8280 44.4975 45.0755
7784 39.0813 44.6175 45.1143
968 38.8067 44.5741 45.0797
1824 38.7061 44.5367 45.1471
1448 38.6576 44.5303 45.1581
9392 39.0418 44.5154 45.1854
824 38.8152 44.4879 45.1229
1368 38.7139 44.4778 45.0921
1048 38.7493 44.4929 45.0418
8608 39.0688 44.5617 45.0190
720 38.9242 44.5150 45.1683
1416 38.8458 44.4988 44.9875
768 38.8062 44.4639 45.0908
6232 39.0772 44.5077 45.1588
608 38.8647 44.4553 45.0465
1120 38.7577 44.4847 45.0728
920 38.7458 44.4721 44.9924
8080 39.0939 44.4884 45.1447
568 38.9355 44.5235 45.0109
1240 38.8031 44.5001 45.1114
840 38.8105 44.4709 44.9690
6880 39.0876 44.5856 45.1665
312 38.9823 44.5229 45.0334
872 38.8837 44.5318 45.1144
632 38.7503 44.5267 45.0841
6816 39.1926 44.5754 45.1066
360 39.0439 44.5149 45.1382
672 38.9924 44.5483 45.0436
656 38.8680 44.5255 45.1460
5224 39.1900 44.5642 45.0756
304 39.0280 44.5304 45.0697
688 38.9730 44.5527 45.0022
552 38.9208 44.5248 45.1000
3872 39.1881 44.5566 45.0373
320 39.0515 44.5442 45.0881
768 39.0163 44.5827 45.0261
624 38.9218 44.5686 45.0306
4560 39.1793 44.5554 45.0845
368 38.9917 44.5565 44.9847
864 39.0075 44.5447 45.0245
824 38.9080 44.5376 45.0741
5016 39.2050 44.6006 45.0614
368 39.0880 44.5921 45.0228
600 38.9956 44.5691 45.0852
664 38.9154 44.5321 45.0038
4880 39.2302 44.5985 45.0491
256 39.0754 44.5549 44.9926
656 39.0615 44.5791 45.0332
464 39.0040 44.5354 44.9391
3880 39.2383 44.5689 45.0359
312 39.0660 44.5603 44.9414
624 39.0421 44.5595 45.0074
656 38.8983 44.5170 45.0000
4960 39.2108 44.5897 45.0478
536 39.0802 44.5480 45.0612
888 38.9989 44.5760 45.0392
760 38.8667 44.5515 45.0412
5728 39.2321 44.5737 45.0991
424 39.0388 44.5201 44.9911
840 38.9608 44.5428 45.0566
880 38.7728 44.5348 44.9251
6632 39.2155 44.5683 45.0472
496 39.0023 44.5607 45.0263
952 38.9535 44.5447 45.0236
1232 38.8448 44.4985 44.9995
7344 39.2243 44.5736 44.9611
1032 38.9431 44.5314 44.9449
2248 38.8680 44.5186 44.8678
1280 38.6305 44.4882 44.8845
9024 39.2367 44.5446 44.9606
688 38.9213 44.5503 44.9517
1680 38.8686 44.5180 44.8742
1136 38.7352 44.4765 44.9596
7784 39.2178 44.5730 45.0704
408 39.0260 44.4813 45.0845
976 39.0109 44.5117 45.0459
352 38.8636 44.4668 45.0044
5224 39.2198 44.5373 45.0379
416 39.0551 44.4722 45.0292
856 39.0344 44.4716 45.0917
672 38.9212 44.4967 44.9836
4816 39.2113 44.5422 44.9666
600 39.0579 44.4974 44.9300
1224 39.0126 44.5434 44.9370
1304 38.8894 44.5356 45.0207
5928 39.2599 44.5931 45.0127
688 39.0468 44.5848 45.0065
1368 39.0058 44.5843 44.9212
896 38.8647 44.6253 44.9897
5568 39.2548 44.6695 45.1227
488 39.1397 44.6056 45.1178
856 39.0504 44.6533 45.1019
824 38.9244 44.6495 45.0959
5736 39.2396 44.6406 45.1460
416 39.0787 44.6149 45.1431
832 39.0189 44.6610 45.1742
744 38.9073 44.6474 45.1414
6288 39.2251 44.6258 45.1536
688 39.0171 44.6735 45.0227
1336 38.9458 44.5978 45.0354
760 38.8059 44.6025 45.0115
6304 39.2431 44.6143 45.1592
464 39.1230 44.6262 45.1720
904 39.0182 44.6537 45.1077
856 38.9104 44.6311 45.0748
5312 39.2836 44.6611 45.2055
608 39.0682 44.6400 45.1383
1216 39.0221 44.6329 45.1455
1128 38.8684 44.5761 45.0395
6640 39.2164 44.5410 45.0927
768 38.9989 44.6119 45.0719
1280 38.9316 44.6123 45.0534
888 38.7344 44.5764 45.0885
6936 39.2307 44.6257 45.1879
664 39.0218 44.6115 45.0760
1264 38.9127 44.6320 45.1222
880 38.7916 44.6307 45.1230
6664 39.2298 44.6503 45.1180
488 39.0420 44.6184 45.1729
1072 38.9873 44.5947 45.1229
736 38.8517 44.5337 45.1190
6120 39.2361 44.6147 45.2359
440 39.0631 44.6079 45.1628
776 38.9739 44.5739 45.0807
944 38.8478 44.6153 45.1282
6152 39.2346 44.5752 45.0963
640 39.0491 44.5806 45.0744
1056 38.9995 44.6001 45.1114
640 38.8357 44.5987 45.1163
6992 39.2785 44.5929 45.1929
592 39.0747 44.6385 45.1784
776 39.0467 44.6173 45.1642
464 38.9439 44.6007 45.1091
4512 39.2147 44.6275 45.1231
440 39.0701 44.5693 45.1142
696 39.0062 44.6045 45.0614
640 38.9774 44.5749 45.1269
4464 39.2369 44.5976 45.0842
336 39.1525 44.5737 45.0792
808 39.1185 44.5548 45.0951
648 39.0091 44.5513 45.0702
4288 39.2565 44.5539 45.0942
440 39.0754 44.5408 45.0306
888 39.0491 44.5484 45.0491
776 38.9213 44.5162 45.0321
5016 39.2410 44.5686 45.1291
464 39.1026 44.5779 45.0487
632 39.0707 44.5635 45.0974
584 38.9294 44.5282 45.0381
4552 39.2207 44.5020 45.0338
472 39.1185 44.5420 44.9886
704 39.0952 44.5278 44.9848
504 38.9904 44.5312 45.0241
4008 39.2419 44.5522 45.0587
464 39.1438 44.5675 45.0524
736 39.1192 44.5774 45.0348
648 38.9989 44.5594 45.0451
4176 39.2843 44.5968 45.0803
632 39.1592 44.6053 45.0468
1232 39.0922 44.5948 45.1272
1016 38.9465 44.5531 45.0339
6232 39.2678 44.5770 45.0224
736 39.0458 44.5253 45.0386
1280 38.9649 44.4913 45.0190
1000 38.8471 44.4961 45.0000
6840 39.2724 44.5907 45.0633
784 39.1049 44.5887 45.1218
1240 39.0218 44.6011 45.1334
816 38.8763 44.5587 45.0646
6104 39.2843 44.5824 45.1289
792 39.1148 44.5678 45.1454
1736 39.0030 44.4182 45.0281
1728 38.8289 44.3877 44.9469
8456 39.2408 44.5192 45.0517
1384 38.9437 44.4317 44.9164
2320 38.8794 44.4751 44.9107
1656 38.7434 44.4209 44.9607
8848 39.2445 44.4928 44.9813
1008 38.9507 44.4373 44.9477
1776 38.9010 44.3972 44.9388
1656 38.7267 44.3595 44.8582
9088 39.2125 44.4676 44.9373
1712 38.9341 44.3353 44.8425
2760 38.8569 44.4496 44.9341
2432 38.6586 44.3191 44.7356
10688 39.2526 44.4507 44.9278
1648 38.8930 44.4095 44.9651
2632 38.8075 44.3992 44.8375
2288 38.5732 44.3548 44.8688
12064 39.3038 44.4350 44.9201
1568 38.9196 44.3585 44.8535
2720 38.8323 44.2966 44.6717
2072 38.5715 44.3097 44.7600
10840 39.2352 44.4168 44.9627
1312 38.9307 44.3969 44.9498
2120 38.9198 44.3925 44.8899
1200 38.7456 44.3549 44.8462
7808 39.2169 44.5018 44.9571
720 39.0135 44.4929 45.0049
1216 38.9326 44.4633 44.9672
912 38.7518 44.4705 44.9327
7216 39.2383 44.5538 44.9761
640 39.0134 44.4955 44.9377
1480 38.9802 44.4981 44.9595
632 38.7381 44.4477 44.9668
6904 39.1944 44.5760 45.0140
640 38.9699 44.5743 44.9550
1272 38.9386 44.5022 44.9748
728 38.7998 44.5435 45.0071
7280 39.2684 44.5720 44.9748
728 39.0279 44.6105 45.0786
1512 38.9581 44.5744 44.9646
1448 38.7626 44.5619 44.9693
7640 39.2814 44.5769 44.8370
1208 39.0172 44.5645 44.9980
2336 38.9877 44.5690 45.0396
1752 38.7909 44.5409 44.9851
8704 39.3107 44.5695 45.0580
1104 38.9822 44.5594 45.0038
2048 38.9260 44.5311 44.9559
1288 38.7477 44.5650 44.9673
8224 39.2525 44.5979 45.0163
656 39.0347 44.5920 45.0987
1408 39.0043 44.5590 45.0236
1200 38.8528 44.5634 45.0095
7248 39.2512 44.5965 45.0354
840 38.9905 44.5384 44.9051
1592 38.9580 44.5323 45.0096
944 38.8086 44.5445 44.9230
6464 39.2188 44.5583 45.0066
576 39.0264 44.5522 45.0241
1200 38.9949 44.5791 45.0357
712 38.8114 44.5465 44.9972
6360 39.2319 44.5829 45.0932
392 39.0857 44.5857 45.0502
752 39.0300 44.5353 45.0588
592 38.9258 44.5578 45.1365
5120 39.2357 44.5680 45.0730
328 39.1187 44.5538 45.1198
608 39.0741 44.5449 45.1188
544 38.9776 44.5491 44.9955
3696 39.2338 44.5707 45.0667
368 39.1100 44.5725 45.1168
816 39.0577 44.5863 45.0967
792 38.9317 44.5202 45.1050
4752 39.2343 44.5850 45.1029
288 39.1187 44.5483 45.1457
568 39.0980 44.5777 45.1514
472 38.9956 44.6101 45.1402
3864 39.2289 44.5897 45.0784
384 39.1057 44.5754 45.0948
1288 39.0560 44.6301 45.1427
1040 38.8959 44.5465 45.0861
6224 39.2306 44.6339 45.0971
672 39.0279 44.5533 45.0539
1560 38.9539 44.5350 45.1602
880 38.7631 44.4637 45.0967
7496 39.2246 44.5591 45.1109
512 39.0145 44.4881 45.0648
1096 38.9111 44.5546 45.0921
840 38.7782 44.4756 45.0899
8080 39.2667 44.5700 45.0801
568 38.9852 44.4935 45.1056
1360 38.8913 44.5419 45.1418
1176 38.6984 44.4820 45.0457
9152 39.2197 44.6023 45.0918
672 38.9742 44.5429 45.1149
1344 38.8546 44.5951 45.0346
1176 38.6690 44.5145 44.9719
9360 39.2255 44.5879 45.1194
544 39.0096 44.5381 44.9944
864 38.9650 44.5667 45.0650
496 38.7844 44.5407 44.9687
7000 39.2674 44.6336 45.0325
408 39.0750 44.5861 44.9929
936 38.9867 44.6160 44.9605
872 38.8317 44.5562 44.9469