909600 47.8838 50.2202 50.5681
573048 46.9402 49.7114 50.1457
271768 45.6003 49.2433 49.8934
157032 45.1873 49.2467 49.8873
40744 43.6487 48.7482 49.5158
39432 43.6680 48.8143 49.5186
146936 45.1405 49.2489 49.7526
39416 43.6821 48.7433 49.5953
39128 43.6422 48.7255 49.5640
73176 43.4564 48.5846 49.4133
488024 45.3840 49.0421 49.4946
234832 44.6397 48.6224 49.1523
80616 43.7450 48.5061 49.1000
50080 43.5900 48.5690 49.2310
5416 42.8080 48.3300 49.0053
4392 42.8224 48.3667 48.9951
41592 43.5192 48.5137 49.0132
3720 42.8105 48.2594 49.0209
4400 42.7881 48.2669 48.9926
13528 42.3781 48.1638 48.8767
287088 43.6141 47.8925 48.4097
92840 42.9424 47.5853 48.1026
14240 42.2034 47.6287 48.1595
9248 42.1980 47.6571 48.2693
928 42.0584 47.5149 48.1512
968 42.1045 47.5312 48.1087
6568 42.1367 47.6025 48.0372
912 42.0657 47.4781 48.1298
744 42.0732 47.4831 48.0700
2608 41.5734 47.3846 47.9394
180096 41.8977 46.3578 46.9018
37312 41.3103 46.1541 46.5898
4800 40.9823 46.2014 46.7297
2560 40.9688 46.2627 46.8470
408 41.0262 46.1750 46.7580
512 41.0251 46.1842 46.7634
1928 40.9245 46.2079 46.6310
456 40.9390 46.1065 46.7629
440 41.0321 46.0929 46.6776
1360 40.6215 46.0122 46.4959
117288 40.1418 44.9444 45.6196
17880 39.7084 44.7837 45.3932
2520 39.5582 44.8908 45.5402
1352 39.6648 44.9438 45.6543
208 39.7201 44.8851 45.5424
280 39.6380 44.9104 45.5486
952 39.5071 44.9064 45.4468
320 39.5062 44.8452 45.5503
248 39.6332 44.7809 45.4725
632 39.1712 44.7125 45.3137
76624 38.2073 43.4948 44.1609
9648 37.8645 43.4999 44.0852
1496 37.7535 43.5746 44.1759
536 37.9066 43.5551 44.2333
136 37.9828 43.4533 44.1105
136 37.8486 43.5113 44.1491
656 37.8085 43.5999 44.1242
160 37.7485 43.5026 44.1950
160 37.8908 43.4710 44.1427
424 37.4974 43.4393 44.0286
49496 36.1128 42.6030 42.8520
6408 35.9143 42.6986 42.8514
816 35.7829 42.7478 42.9375
344 35.9635 42.6356 42.9339
112 36.0196 42.5351 42.7981
112 35.8834 42.6242 42.8792
248 35.8093 42.7488 42.8732
112 35.7232 42.6276 42.9230
112 35.9239 42.5960 42.8984
312 35.5706 42.5914 42.7982
31016 33.9169 41.4731 42.1055
3288 33.6827 41.4530 41.9641
472 33.5984 41.4920 41.9866
208 33.8915 41.4779 42.0914
112 33.9071 41.4150 42.0219
112 33.8269 41.4536 42.0133
192 33.7096 41.5142 41.9574
112 33.6547 41.4206 42.0150
112 33.7612 41.4166 41.9856
208 33.4268 41.4091 41.9127
