1100904 47.860 49.531 49.856
676136 47.076 49.227 49.577
311288 45.372 48.945 49.437
182120 44.930 48.929 49.441
114880 43.887 48.600 49.271
103152 43.853 48.653 49.250
173872 44.879 48.919 49.336
97240 43.835 48.566 49.288
103472 43.862 48.602 49.273
597472 47.066 49.235 49.693
615576 45.200 48.579 49.055
269472 44.536 48.326 48.874
89904 43.448 48.167 48.717
52344 43.248 48.145 48.778
12952 42.466 47.763 48.427
11464 42.550 47.786 48.429
46952 43.157 48.173 48.609
11544 42.586 47.734 48.521
10160 42.581 47.723 48.515
200944 44.490 48.305 48.892
377096 43.394 47.399 47.973
105256 42.648 47.241 47.835
23200 41.888 47.231 47.824
13040 41.832 47.110 47.776
2520 41.608 46.874 47.590
2888 41.643 46.952 47.588
9640 41.728 47.165 47.622
2832 41.590 46.923 47.681
2312 41.728 46.950 47.672
66800 42.625 47.276 47.894
241264 41.513 45.774 46.236
40552 40.762 45.666 46.068
10144 40.389 45.661 46.105
5040 40.433 45.595 46.144
760 40.382 45.469 45.948
1208 40.320 45.471 45.948
4888 40.345 45.677 45.999
968 40.229 45.459 46.044
1072 40.413 45.477 46.082
20688 40.773 45.604 46.079
156144 39.473 44.216 44.599
18824 38.821 44.096 44.462
4792 38.484 44.116 44.520
2344 38.633 44.099 44.591
296 38.773 44.023 44.441
296 38.527 44.012 44.468
2272 38.394 44.125 44.438
304 38.357 43.988 44.507
312 38.543 43.985 44.502
9344 38.823 44.032 44.480
97784 37.452 42.596 42.805
10680 36.974 42.522 42.626
2728 36.591 42.548 42.675
1032 36.701 42.537 42.756
280 36.969 42.490 42.639
280 36.682 42.504 42.630
952 36.462 42.577 42.603
280 36.520 42.454 42.681
280 36.695 42.447 42.677
5168 36.986 42.429 42.613
62184 35.469 41.170 41.601
6048 35.036 41.095 41.482
1536 34.638 41.148 41.499
352 34.833 41.120 41.561
280 35.154 41.079 41.492
280 34.778 41.091 41.474
464 34.594 41.158 41.426
280 34.598 41.055 41.510
280 34.851 41.048 41.516
2672 35.027 41.034 41.445
41104 33.292 40.099 40.285
3936 32.960 40.054 40.141
728 32.654 40.072 40.161
280 33.032 40.048 40.228
280 33.167 40.001 40.129
280 32.898 40.012 40.103
304 32.788 40.089 40.071
280 32.686 39.977 40.130
280 32.945 39.959 40.144
1192 32.920 39.939 40.085